	Heater Time	Heater 6 	Heater 7	Heater 8	Heater 9	Heater 10	Heater 11	Heater 12	Heater 13	Heater 14	Heater 15	Heater 16	Heater 17	Program Time	MFC 1	MFC Time	Cycles Remaining	Recipe	Loop
	 0.0	152.6	150.4	178.4	200.6	152.6	75.1	25.9	26.1	942851.8	20.007	49.143	50	TiO2 - STANDARD	
	 2.1	152.7	150.5	178.5	200.7	152.6	75.2	25.9	26.1	942854.8	20.001	 2.682	50	TiO2 - STANDARD	
	 4.1	152.6	150.5	178.5	200.6	152.5	75.1	25.9	26.1	942857.8	20.001	 5.682	50	TiO2 - STANDARD	
	 8.1	152.6	150.5	178.6	200.7	152.5	75.1	25.9	26.1	942860.8	20.001	 8.681	50	TiO2 - STANDARD	
	10.1	152.6	150.6	178.6	200.8	152.6	75.1	25.9	26.1	942863.8	20.001	11.680	50	TiO2 - STANDARD	
	14.1	152.6	150.6	178.9	200.8	152.5	75.1	26.0	26.1	942866.8	20.016	14.681	50	TiO2 - STANDARD	
	16.1	152.6	150.7	179.2	200.9	152.5	75.1	25.9	26.1	942869.8	20.010	17.679	50	TiO2 - STANDARD	
	20.1	152.5	150.7	179.9	200.9	152.5	75.2	25.9	26.1	942872.8	20.004	20.681	50	TiO2 - STANDARD	
	22.1	152.5	150.7	180.3	201.0	152.5	75.1	25.9	26.1	942875.8	19.974	23.680	50	TiO2 - STANDARD	
	26.1	152.6	150.7	180.9	201.1	152.5	75.1	25.9	26.1	942878.8	20.010	26.679	50	TiO2 - STANDARD	
	28.1	152.5	150.8	181.0	201.2	152.5	75.1	25.9	26.1	942881.8	19.995	29.680	50	TiO2 - STANDARD	
	32.1	152.5	150.8	181.5	201.2	152.4	75.2	25.9	26.1	942884.8	20.001	32.681	50	TiO2 - STANDARD	
	34.1	152.5	150.8	181.7	201.2	152.4	75.2	25.9	26.1	942887.8	20.010	35.680	50	TiO2 - STANDARD	
	38.1	152.5	150.9	182.2	201.2	152.4	75.1	25.9	26.1	942890.8	20.010	38.680	50	TiO2 - STANDARD	
	40.1	152.4	150.9	182.5	201.2	152.4	75.1	25.9	26.1	942893.8	20.004	41.680	50	TiO2 - STANDARD	
	44.1	152.4	150.9	182.9	201.2	152.4	75.1	25.9	26.1	942896.8	20.007	44.681	50	TiO2 - STANDARD	
	46.1	152.4	151.0	183.0	201.4	152.4	75.2	25.9	26.1	942899.8	20.004	47.682	50	TiO2 - STANDARD	
	50.1	152.4	151.0	183.0	201.3	152.4	75.1	26.0	26.1	942902.8	19.998	50.681	50	TiO2 - STANDARD	
	52.1	152.4	151.0	182.9	201.4	152.4	75.1	26.0	26.1	942905.8	20.004	53.680	50	TiO2 - STANDARD	
	56.1	152.4	151.0	182.5	201.3	152.4	75.1	25.9	26.1	942908.8	20.007	56.680	50	TiO2 - STANDARD	
	58.1	152.4	151.1	182.2	201.4	152.3	75.1	25.9	26.1	942911.8	20.001	59.680	50	TiO2 - STANDARD	
	62.1	152.4	151.1	181.8	201.3	152.3	75.1	25.9	26.1	942914.8	20.004	62.679	50	TiO2 - STANDARD	
	64.1	152.4	151.1	181.7	201.3	152.3	75.1	26.0	26.1	942917.8	19.968	65.680	50	TiO2 - STANDARD	
	68.1	152.3	151.1	181.7	201.4	152.3	75.1	25.9	26.1	942920.8	19.971	68.680	50	TiO2 - STANDARD	
	70.1	152.3	151.1	181.9	201.4	152.3	75.1	25.9	26.1	942923.8	20.001	71.681	50	TiO2 - STANDARD	
	74.1	152.3	151.2	182.2	201.4	152.3	75.1	25.9	26.1	942926.8	20.044	74.680	50	TiO2 - STANDARD	
	76.1	152.3	151.2	182.4	201.3	152.3	75.1	26.0	26.1	942929.8	20.016	77.679	50	TiO2 - STANDARD	
	80.1	152.3	151.2	182.7	201.4	152.2	75.1	26.0	26.1	942932.8	20.010	80.681	50	TiO2 - STANDARD	
	82.1	152.3	151.2	182.9	201.4	152.3	75.1	26.0	26.1	942935.8	19.992	83.681	50	TiO2 - STANDARD	
	86.1	152.2	151.2	183.2	201.5	152.2	75.1	26.0	26.2	942938.8	20.010	86.681	50	TiO2 - STANDARD	
	88.1	152.2	151.2	183.3	201.5	152.2	75.1	26.0	26.1	942941.8	20.001	89.681	50	TiO2 - STANDARD	
	92.1	152.1	151.3	183.5	201.5	152.2	75.1	26.0	26.1	942944.8	20.004	92.680	50	TiO2 - STANDARD	
	94.1	152.2	151.3	183.6	201.4	152.1	75.1	26.0	26.1	942947.8	20.013	95.681	50	TiO2 - STANDARD	
	98.1	152.1	151.3	183.8	201.4	152.2	75.1	26.0	26.1	942950.8	20.010	98.680	50	TiO2 - STANDARD	
	100.1	152.1	151.3	183.8	201.3	152.1	75.1	25.9	26.1	942953.8	20.001	101.680	50	TiO2 - STANDARD	
	104.1	152.1	151.3	183.7	201.2	152.1	75.1	26.0	26.1	942956.8	20.013	104.679	50	TiO2 - STANDARD	
	106.1	152.1	151.3	183.7	201.1	152.1	75.1	26.0	26.1	942959.8	20.010	107.681	50	TiO2 - STANDARD	
	110.1	152.0	151.3	183.6	201.1	152.1	75.1	26.0	26.1	942962.8	20.004	110.679	50	TiO2 - STANDARD	
	112.1	152.0	151.3	183.7	201.1	152.0	75.1	26.0	26.1	942965.8	20.004	113.680	50	TiO2 - STANDARD	
	116.1	152.0	151.3	183.9	201.1	152.1	75.1	25.9	26.1	942968.8	19.998	116.680	50	TiO2 - STANDARD	
	118.1	152.0	151.4	183.9	201.1	152.0	75.1	26.0	26.2	942971.8	20.004	119.682	50	TiO2 - STANDARD	
	122.1	152.0	151.4	184.3	201.2	152.0	75.1	26.0	26.1	942974.8	19.998	122.681	50	TiO2 - STANDARD	
	124.1	151.9	151.4	184.5	201.2	152.0	75.1	26.0	26.2	942977.8	20.004	125.683	50	TiO2 - STANDARD	
	128.1	151.9	151.4	185.0	201.2	152.0	75.1	26.0	26.1	942980.8	20.007	128.681	50	TiO2 - STANDARD	
	130.1	152.0	151.4	185.2	201.3	152.0	75.1	25.9	26.1	942983.8	20.004	131.681	50	TiO2 - STANDARD	
	134.1	151.9	151.4	185.6	201.4	152.0	75.1	26.0	26.2	942986.8	20.010	134.680	50	TiO2 - STANDARD	
	136.1	151.9	151.4	185.7	201.4	152.0	75.0	26.0	26.2	942989.8	20.010	137.679	50	TiO2 - STANDARD	
	140.1	151.9	151.5	185.8	201.4	152.0	75.1	26.0	26.2	942992.8	20.007	140.679	50	TiO2 - STANDARD	
	142.1	151.9	151.5	185.9	201.5	152.0	75.1	26.0	26.2	942995.8	20.007	143.680	50	TiO2 - STANDARD	
	146.1	151.8	151.4	185.9	201.4	151.9	75.0	26.0	26.2	942998.8	20.010	146.682	50	TiO2 - STANDARD	
	148.1	151.8	151.5	185.9	201.5	152.0	75.1	26.0	26.2	943001.8	20.004	149.682	50	TiO2 - STANDARD	
	152.1	151.8	151.5	186.0	201.5	151.9	75.1	26.0	26.1	943004.8	20.013	152.681	50	TiO2 - STANDARD	
	154.1	151.8	151.5	185.9	201.5	151.9	75.1	26.0	26.2	943007.8	20.010	155.681	50	TiO2 - STANDARD	
	158.1	151.8	151.4	186.0	201.5	151.9	75.1	26.0	26.2	943010.8	19.998	158.681	50	TiO2 - STANDARD	
	160.1	151.8	151.4	186.1	201.4	151.9	75.0	26.0	26.2	943013.8	19.998	161.681	50	TiO2 - STANDARD	
	164.1	151.7	151.5	186.3	201.5	151.9	75.1	26.0	26.2	943016.8	20.004	164.683	50	TiO2 - STANDARD	
	166.1	151.8	151.5	186.3	201.4	151.8	75.0	26.0	26.1	943019.8	20.007	167.682	50	TiO2 - STANDARD	
	170.1	151.7	151.5	186.4	201.4	151.8	75.1	26.0	26.2	943022.8	20.007	170.679	50	TiO2 - STANDARD	
	172.1	151.7	151.4	186.5	201.3	151.8	75.1	26.0	26.2	943025.8	20.001	173.681	50	TiO2 - STANDARD	
	176.1	151.7	151.5	186.7	201.3	151.8	75.0	26.0	26.1	943028.8	20.010	176.681	50	TiO2 - STANDARD	
	178.1	151.7	151.4	186.7	201.3	151.8	75.0	26.0	26.1	943031.8	20.010	179.679	50	TiO2 - STANDARD	
	182.1	151.7	151.5	186.8	201.3	151.8	75.1	26.0	26.2	943034.8	19.998	182.680	50	TiO2 - STANDARD	
	184.1	151.7	151.5	186.9	201.3	151.7	75.0	26.0	26.2	943037.8	20.007	185.682	50	TiO2 - STANDARD	
	188.1	151.6	151.4	187.1	201.3	151.7	75.1	26.0	26.2	943040.8	20.007	188.681	50	TiO2 - STANDARD	
	190.1	151.6	151.5	187.3	201.2	151.7	75.0	26.0	26.2	943043.8	20.004	191.683	50	TiO2 - STANDARD	
	194.1	151.6	151.5	187.6	201.3	151.7	75.0	26.0	26.2	943046.8	20.007	194.680	50	TiO2 - STANDARD	
	196.1	151.6	151.5	187.8	201.3	151.7	75.1	26.0	26.2	943049.8	20.013	197.681	50	TiO2 - STANDARD	
	200.1	151.6	151.5	187.8	201.2	151.7	75.0	26.0	26.2	943052.8	19.998	200.679	50	TiO2 - STANDARD	
	202.1	151.5	151.5	187.9	201.1	151.6	75.0	26.0	26.2	943055.8	20.013	203.682	50	TiO2 - STANDARD	
	206.1	151.5	151.5	188.0	201.2	151.6	75.0	26.0	26.2	943058.8	20.004	206.682	50	TiO2 - STANDARD	
	208.1	151.5	151.5	188.1	201.2	151.6	75.0	26.0	26.2	943061.8	20.004	209.682	50	TiO2 - STANDARD	
	212.1	151.5	151.5	188.3	201.3	151.6	75.0	26.0	26.2	943064.8	20.004	212.681	50	TiO2 - STANDARD	
	214.1	151.5	151.5	188.4	201.2	151.6	75.1	26.0	26.2	943067.8	20.007	215.680	50	TiO2 - STANDARD	
	218.1	151.5	151.5	188.5	201.3	151.5	75.0	26.0	26.2	943070.8	20.004	218.679	50	TiO2 - STANDARD	
	220.1	151.4	151.5	188.6	201.3	151.5	75.0	26.0	26.2	943073.8	20.007	221.681	50	TiO2 - STANDARD	
	224.1	151.5	151.5	189.0	201.3	151.5	75.1	26.0	26.2	943076.8	20.013	224.681	50	TiO2 - STANDARD	
	226.1	151.4	151.5	189.1	201.3	151.5	75.0	26.0	26.2	943079.8	20.035	227.680	50	TiO2 - STANDARD	
	230.1	151.4	151.5	189.4	201.2	151.5	75.1	26.0	26.2	943082.8	20.004	230.681	50	TiO2 - STANDARD	
	232.1	151.4	151.5	189.6	201.3	151.5	75.0	26.0	26.2	943085.8	20.013	233.681	50	TiO2 - STANDARD	
	236.1	151.3	151.4	189.9	201.3	151.4	75.0	26.0	26.2	943088.8	19.998	236.681	50	TiO2 - STANDARD	
	238.1	151.3	151.4	190.0	201.3	151.5	75.0	26.0	26.2	943091.8	20.007	239.681	50	TiO2 - STANDARD	
	242.1	151.3	151.4	190.2	201.2	151.5	75.0	26.0	26.2	943094.8	19.968	242.681	50	TiO2 - STANDARD	
	244.1	151.3	151.5	190.3	201.2	151.4	75.1	26.0	26.2	943097.8	20.044	245.681	50	TiO2 - STANDARD	
	248.1	151.3	151.5	190.4	201.2	151.4	75.0	26.0	26.2	943100.8	19.962	248.681	50	TiO2 - STANDARD	
	250.1	151.2	151.5	190.5	201.1	151.4	75.0	26.0	26.2	943103.8	20.010	251.679	50	TiO2 - STANDARD	
	254.1	151.1	151.4	190.5	201.2	151.4	75.0	26.0	26.2	943106.8	20.007	254.681	50	TiO2 - STANDARD	
	256.1	151.2	151.3	190.5	201.2	151.4	75.1	26.0	26.2	943109.8	19.998	257.680	50	TiO2 - STANDARD	
	260.1	151.2	151.3	190.5	201.1	151.3	75.0	26.0	26.2	943112.8	20.007	260.681	50	TiO2 - STANDARD	
	262.1	151.2	151.4	190.6	201.1	151.3	75.0	26.0	26.2	943115.8	20.007	263.680	50	TiO2 - STANDARD	
	266.1	151.2	151.4	190.7	201.1	151.3	75.0	26.0	26.2	943118.8	20.020	266.681	50	TiO2 - STANDARD	
	268.1	151.1	151.4	190.9	201.1	151.3	75.0	26.0	26.2	943121.8	20.013	269.679	50	TiO2 - STANDARD	
	272.1	151.1	151.4	190.9	201.0	151.2	75.0	26.0	26.2	943124.8	20.007	272.679	50	TiO2 - STANDARD	
	274.1	151.1	151.4	191.1	201.1	151.3	75.0	26.0	26.2	943127.8	19.998	275.681	50	TiO2 - STANDARD	
	278.1	151.0	151.4	191.4	201.0	151.2	75.0	26.0	26.2	943130.8	20.001	278.679	50	TiO2 - STANDARD	
	280.1	151.0	151.3	191.5	201.0	151.3	75.0	26.0	26.2	943133.8	20.010	281.679	50	TiO2 - STANDARD	
	284.1	151.0	151.3	191.6	201.0	151.2	75.0	26.0	26.2	943136.8	20.013	284.680	50	TiO2 - STANDARD	
	286.1	151.1	151.3	191.8	200.9	151.2	75.0	26.0	26.2	943139.8	20.044	287.681	50	TiO2 - STANDARD	
	290.1	151.0	151.4	191.9	201.0	151.2	75.0	26.0	26.2	943142.8	19.998	290.680	49	TiO2 - STANDARD	
	292.1	151.0	151.3	192.0	200.9	151.1	75.0	26.0	26.2	943145.8	20.007	293.681	49	TiO2 - STANDARD	
	296.1	151.0	151.3	192.2	201.0	151.2	75.0	26.0	26.2	943148.8	19.965	296.679	49	TiO2 - STANDARD	
	298.1	151.0	151.2	192.3	200.9	151.1	75.0	26.0	26.2	943151.8	19.998	299.680	49	TiO2 - STANDARD	
	302.1	151.0	151.3	192.5	200.9	151.2	75.0	26.0	26.2	943154.8	20.007	302.681	49	TiO2 - STANDARD	
	304.1	151.0	151.3	192.6	200.9	151.1	75.0	26.0	26.2	943157.8	20.007	305.682	49	TiO2 - STANDARD	
	308.1	150.9	151.3	192.9	200.8	151.1	75.0	26.0	26.2	943160.8	20.010	308.680	49	TiO2 - STANDARD	
	310.1	150.9	151.3	193.0	200.9	151.1	75.0	26.0	26.2	943163.8	20.004	311.680	49	TiO2 - STANDARD	
	314.1	150.9	151.2	193.2	200.9	151.1	75.0	26.0	26.2	943166.8	20.007	314.682	49	TiO2 - STANDARD	
	316.1	150.9	151.3	193.3	200.9	151.1	75.0	26.0	26.2	943169.8	20.047	317.680	49	TiO2 - STANDARD	
	320.1	150.9	151.2	193.4	200.8	151.0	75.0	26.0	26.2	943172.8	20.004	320.679	49	TiO2 - STANDARD	
	322.1	150.9	151.2	193.4	200.9	151.1	75.0	26.0	26.2	943175.8	19.977	323.681	49	TiO2 - STANDARD	
	326.1	150.9	151.3	193.4	200.9	151.0	75.0	26.0	26.2	943178.8	20.013	326.680	49	TiO2 - STANDARD	
	328.1	150.9	151.3	193.4	200.9	151.0	75.0	26.0	26.2	943181.8	20.013	329.681	49	TiO2 - STANDARD	
	332.1	150.9	151.2	193.5	200.9	151.0	75.0	26.0	26.2	943184.8	19.977	332.681	49	TiO2 - STANDARD	
	334.1	150.8	151.2	193.4	200.9	151.0	75.0	26.0	26.2	943187.8	19.998	335.680	49	TiO2 - STANDARD	
	338.1	150.7	151.2	193.5	200.9	151.0	75.0	26.0	26.2	943190.8	20.004	338.680	49	TiO2 - STANDARD	
	340.1	150.8	151.2	193.6	200.9	151.0	75.0	26.0	26.2	943193.8	20.004	341.681	48	TiO2 - STANDARD	
	344.1	150.8	151.2	193.8	200.8	151.0	75.0	26.0	26.2	943196.8	20.010	344.681	48	TiO2 - STANDARD	
	346.1	150.7	151.3	194.0	200.8	150.9	75.0	26.0	26.2	943199.8	20.001	347.680	48	TiO2 - STANDARD	
	350.1	150.8	151.2	194.2	200.8	150.9	75.1	26.0	26.2	943202.8	20.007	350.679	48	TiO2 - STANDARD	
	352.1	150.8	151.2	194.3	200.7	150.9	75.0	26.0	26.2	943205.8	20.013	353.682	48	TiO2 - STANDARD	
	356.1	150.7	151.2	194.4	200.8	150.9	75.0	26.0	26.2	943208.8	20.004	356.682	48	TiO2 - STANDARD	
	358.1	150.7	151.2	194.6	200.8	150.9	75.0	26.0	26.2	943211.8	20.001	359.681	48	TiO2 - STANDARD	
	362.1	150.7	151.2	194.8	200.7	150.9	75.0	26.0	26.2	943214.8	20.004	362.682	48	TiO2 - STANDARD	
	364.1	150.7	151.2	194.9	200.8	150.9	75.0	26.0	26.2	943217.8	20.004	365.679	48	TiO2 - STANDARD	
	368.1	150.7	151.1	195.0	200.7	150.9	75.0	26.0	26.2	943220.8	20.004	368.679	48	TiO2 - STANDARD	
	370.1	150.6	151.1	194.9	200.7	150.9	75.0	26.0	26.2	943223.8	20.047	371.682	48	TiO2 - STANDARD	
	374.1	150.6	151.1	195.2	200.7	150.9	75.0	26.0	26.2	943226.8	20.004	374.681	48	TiO2 - STANDARD	
	376.1	150.7	151.2	195.2	200.7	150.8	75.0	26.0	26.2	943229.8	20.041	377.681	48	TiO2 - STANDARD	
	380.1	150.6	151.1	195.4	200.7	150.8	75.0	26.0	26.2	943232.8	20.013	380.681	48	TiO2 - STANDARD	
	382.1	150.6	151.1	195.4	200.6	150.8	75.0	26.0	26.2	943235.8	20.007	383.679	48	TiO2 - STANDARD	
	386.1	150.5	151.0	195.4	200.7	150.8	75.0	26.0	26.2	943238.8	20.007	386.681	48	TiO2 - STANDARD	
	388.1	150.6	151.1	195.5	200.6	150.8	75.0	26.0	26.2	943241.8	20.004	389.680	48	TiO2 - STANDARD	
	392.1	150.5	151.0	195.3	200.7	150.8	75.0	26.0	26.2	943244.8	20.004	392.681	47	TiO2 - STANDARD	
	394.1	150.6	151.0	195.3	200.6	150.7	75.0	26.0	26.2	943247.8	20.010	395.679	47	TiO2 - STANDARD	
	398.1	150.5	151.0	195.2	200.7	150.8	75.0	26.0	26.2	943250.8	20.007	398.683	47	TiO2 - STANDARD	
	400.1	150.5	151.0	195.3	200.6	150.8	75.0	26.0	26.2	943253.8	20.004	401.681	47	TiO2 - STANDARD	
	404.1	150.5	151.0	195.5	200.6	150.7	75.0	26.0	26.2	943256.8	20.013	404.681	47	TiO2 - STANDARD	
	406.1	150.5	151.0	195.6	200.6	150.7	75.0	26.0	26.2	943259.8	19.998	407.680	47	TiO2 - STANDARD	
	410.1	150.5	151.0	196.0	200.7	150.7	75.0	26.1	26.2	943262.8	20.010	410.682	47	TiO2 - STANDARD	
	412.1	150.5	151.0	196.1	200.6	150.7	75.0	26.0	26.2	943265.8	20.007	413.680	47	TiO2 - STANDARD	
	416.1	150.5	151.0	196.3	200.6	150.7	75.0	26.0	26.2	943268.8	20.001	416.681	47	TiO2 - STANDARD	
	418.1	150.5	151.0	196.2	200.6	150.7	75.0	26.0	26.2	943271.8	20.001	419.679	47	TiO2 - STANDARD	
	422.1	150.5	150.9	196.3	200.6	150.7	75.0	26.0	26.2	943274.8	20.001	422.682	47	TiO2 - STANDARD	
	424.1	150.5	151.0	196.4	200.6	150.7	75.0	26.0	26.2	943277.8	20.004	425.680	47	TiO2 - STANDARD	
	428.1	150.4	150.9	196.5	200.6	150.7	75.0	26.0	26.2	943280.8	19.968	428.679	47	TiO2 - STANDARD	
	430.1	150.4	151.0	196.7	200.6	150.6	75.0	26.0	26.3	943283.8	20.001	431.680	47	TiO2 - STANDARD	
	434.1	150.4	150.9	196.8	200.6	150.6	75.0	26.0	26.3	943286.8	20.007	434.679	47	TiO2 - STANDARD	
	436.1	150.4	150.9	196.9	200.5	150.6	75.0	26.1	26.2	943289.8	20.001	437.679	47	TiO2 - STANDARD	
	440.1	150.4	150.9	197.0	200.5	150.6	75.0	26.0	26.3	943292.8	20.001	440.680	47	TiO2 - STANDARD	
	442.1	150.4	150.9	197.1	200.5	150.6	75.0	26.0	26.2	943295.8	20.007	443.679	46	TiO2 - STANDARD	
	446.1	150.4	150.9	197.5	200.5	150.6	75.0	26.1	26.2	943298.8	20.001	446.682	46	TiO2 - STANDARD	
	448.1	150.4	150.9	197.5	200.5	150.5	75.0	26.0	26.2	943301.8	20.007	449.681	46	TiO2 - STANDARD	
	452.1	150.3	150.9	197.8	200.5	150.6	75.0	26.0	26.2	943304.8	19.998	452.682	46	TiO2 - STANDARD	
	454.1	150.4	150.9	197.9	200.4	150.6	75.0	26.0	26.2	943307.8	20.010	455.682	46	TiO2 - STANDARD	
	458.1	150.4	150.9	197.9	200.3	150.6	75.0	26.1	26.2	943310.8	20.004	458.680	46	TiO2 - STANDARD	
	460.1	150.4	150.8	197.9	200.3	150.5	75.0	26.0	26.2	943313.8	20.007	461.682	46	TiO2 - STANDARD	
	464.1	150.2	150.8	197.9	200.3	150.6	75.0	26.1	26.3	943316.8	20.001	464.682	46	TiO2 - STANDARD	
	466.1	150.3	150.9	197.9	200.4	150.6	75.0	26.0	26.2	943319.8	20.004	467.696	46	TiO2 - STANDARD	
	470.1	150.3	150.8	198.1	200.2	150.5	75.0	26.0	26.3	943322.8	20.004	470.681	46	TiO2 - STANDARD	
	472.1	150.3	150.8	198.0	200.3	150.5	75.0	26.1	26.3	943325.8	20.007	473.679	46	TiO2 - STANDARD	
	476.1	150.3	150.8	198.0	200.3	150.5	75.0	26.1	26.3	943328.8	20.004	476.681	46	TiO2 - STANDARD	
	478.1	150.2	150.8	197.9	200.3	150.5	75.0	26.0	26.3	943331.8	20.004	479.681	46	TiO2 - STANDARD	
	482.1	150.3	150.8	198.0	200.3	150.5	75.0	26.0	26.3	943334.8	20.004	482.680	46	TiO2 - STANDARD	
	484.1	150.3	150.8	198.0	200.2	150.5	75.0	26.1	26.3	943337.8	20.016	485.681	46	TiO2 - STANDARD	
	488.1	150.3	150.8	198.0	200.4	150.5	75.0	26.1	26.3	943340.8	20.007	488.683	46	TiO2 - STANDARD	
	490.1	150.3	150.8	198.0	200.3	150.5	75.0	26.1	26.3	943343.8	20.010	491.680	46	TiO2 - STANDARD	
	494.1	150.2	150.8	198.0	200.4	150.5	75.0	26.1	26.3	943346.8	20.010	494.681	45	TiO2 - STANDARD	
	496.1	150.2	150.8	198.1	200.3	150.5	75.0	26.0	26.3	943349.8	20.013	497.681	45	TiO2 - STANDARD	
	500.1	150.2	150.7	198.5	200.4	150.5	75.0	26.1	26.3	943352.8	20.004	500.681	45	TiO2 - STANDARD	
	502.1	150.2	150.7	198.5	200.3	150.5	75.0	26.1	26.3	943355.8	20.004	503.681	45	TiO2 - STANDARD	
	506.1	150.2	150.7	198.8	200.3	150.4	75.0	26.1	26.3	943358.8	20.007	506.681	45	TiO2 - STANDARD	
	508.1	150.2	150.8	198.9	200.4	150.5	75.0	26.1	26.3	943361.8	20.004	509.680	45	TiO2 - STANDARD	
	512.1	150.2	150.7	198.9	200.3	150.4	75.0	26.0	26.3	943364.8	20.007	512.681	45	TiO2 - STANDARD	
	514.1	150.2	150.8	198.9	200.3	150.5	75.0	26.1	26.3	943367.8	20.004	515.680	45	TiO2 - STANDARD	
	518.1	150.2	150.7	199.1	200.2	150.4	75.0	26.1	26.3	943370.8	20.007	518.680	45	TiO2 - STANDARD	
	520.1	150.1	150.7	199.3	200.2	150.4	75.0	26.1	26.3	943373.8	19.998	521.680	45	TiO2 - STANDARD	
	524.1	150.1	150.7	199.5	200.3	150.4	75.0	26.1	26.3	943376.8	20.010	524.681	45	TiO2 - STANDARD	
	526.1	150.2	150.7	199.6	200.3	150.4	75.0	26.1	26.3	943379.8	20.001	527.681	45	TiO2 - STANDARD	
	530.1	150.1	150.7	199.5	200.3	150.4	75.0	26.1	26.3	943382.8	20.007	530.680	45	TiO2 - STANDARD	
	532.1	150.2	150.7	199.5	200.3	150.4	75.0	26.1	26.3	943385.8	20.010	533.682	45	TiO2 - STANDARD	
	536.1	150.1	150.6	199.3	200.3	150.4	75.0	26.1	26.3	943388.8	19.998	536.679	45	TiO2 - STANDARD	
	538.1	150.2	150.6	199.3	200.2	150.4	75.0	26.1	26.3	943391.8	19.998	539.682	45	TiO2 - STANDARD	
	542.1	150.2	150.7	199.4	200.3	150.4	75.0	26.1	26.3	943394.8	20.010	542.680	45	TiO2 - STANDARD	
	544.1	150.2	150.6	199.4	200.3	150.4	74.9	26.1	26.3	943397.8	19.998	545.680	44	TiO2 - STANDARD	
	548.1	150.1	150.6	199.4	200.3	150.3	75.0	26.1	26.3	943400.8	20.001	548.682	44	TiO2 - STANDARD	
	550.1	150.1	150.6	199.5	200.3	150.3	75.0	26.1	26.3	943403.8	20.007	551.682	44	TiO2 - STANDARD	
	554.1	150.1	150.6	199.5	200.3	150.3	75.0	26.1	26.3	943406.8	20.004	554.681	44	TiO2 - STANDARD	
	556.1	150.1	150.6	199.7	200.3	150.4	75.0	26.1	26.3	943409.8	20.007	557.681	44	TiO2 - STANDARD	
	560.1	150.1	150.6	199.9	200.4	150.4	75.0	26.1	26.3	943412.8	20.001	560.680	44	TiO2 - STANDARD	
	562.1	150.1	150.6	200.1	200.4	150.3	75.0	26.1	26.3	943415.8	20.007	563.682	44	TiO2 - STANDARD	
	566.1	150.1	150.5	200.1	200.3	150.3	75.0	26.1	26.3	943418.8	20.013	566.681	44	TiO2 - STANDARD	
	568.1	150.1	150.6	200.2	200.3	150.3	75.0	26.1	26.3	943421.8	20.001	569.681	44	TiO2 - STANDARD	
	572.1	150.1	150.6	200.4	200.3	150.3	75.0	26.1	26.3	943424.8	19.977	572.679	44	TiO2 - STANDARD	
	574.1	150.1	150.6	200.5	200.4	150.3	75.0	26.1	26.3	943427.8	20.004	575.679	44	TiO2 - STANDARD	
	578.1	150.1	150.6	200.5	200.4	150.3	75.0	26.1	26.3	943430.8	20.010	578.679	44	TiO2 - STANDARD	
	580.1	150.0	150.5	200.5	200.3	150.3	75.0	26.0	26.3	943433.8	20.004	581.680	44	TiO2 - STANDARD	
	584.1	150.0	150.5	200.5	200.4	150.3	75.0	26.1	26.3	943436.8	20.001	584.680	44	TiO2 - STANDARD	
	586.1	150.0	150.5	200.4	200.3	150.3	75.0	26.1	26.3	943439.8	19.968	587.679	44	TiO2 - STANDARD	
	590.1	150.0	150.6	200.5	200.3	150.3	75.0	26.1	26.3	943442.8	20.010	590.682	44	TiO2 - STANDARD	
	592.1	150.0	150.5	200.5	200.3	150.3	75.0	26.1	26.3	943445.8	20.007	593.682	44	TiO2 - STANDARD	
	596.1	150.0	150.5	200.5	200.3	150.3	75.0	26.1	26.3	943448.8	20.004	596.681	43	TiO2 - STANDARD	
	598.1	150.1	150.5	200.6	200.2	150.3	75.0	26.1	26.3	943451.8	20.013	599.679	43	TiO2 - STANDARD	
	602.1	150.0	150.5	200.6	200.3	150.3	75.0	26.1	26.3	943454.8	20.013	602.681	43	TiO2 - STANDARD	
	604.1	150.0	150.5	200.7	200.3	150.3	75.0	26.1	26.3	943457.8	20.007	605.681	43	TiO2 - STANDARD	
	608.1	150.0	150.5	200.9	200.3	150.3	75.0	26.1	26.3	943460.8	20.004	608.682	43	TiO2 - STANDARD	
	610.1	150.0	150.5	200.8	200.2	150.3	75.0	26.1	26.3	943463.8	20.004	611.680	43	TiO2 - STANDARD	
	614.1	150.0	150.5	201.1	200.2	150.3	75.0	26.1	26.3	943466.8	20.001	614.679	43	TiO2 - STANDARD	
	616.1	150.0	150.5	201.1	200.2	150.3	75.0	26.1	26.3	943469.8	20.007	617.680	43	TiO2 - STANDARD	
	620.1	150.0	150.5	201.2	200.2	150.2	75.0	26.1	26.3	943472.8	20.007	620.680	43	TiO2 - STANDARD	
	622.1	150.0	150.5	201.3	200.2	150.3	75.0	26.1	26.3	943475.8	20.007	623.681	43	TiO2 - STANDARD	
	626.1	150.0	150.5	201.2	200.2	150.2	75.0	26.1	26.3	943478.8	20.013	626.681	43	TiO2 - STANDARD	
	628.1	150.0	150.5	201.3	200.2	150.2	74.9	26.1	26.3	943481.8	20.001	629.680	43	TiO2 - STANDARD	
	632.1	150.0	150.4	201.2	200.2	150.2	75.0	26.1	26.3	943484.8	20.013	632.681	43	TiO2 - STANDARD	
	634.1	150.0	150.4	201.4	200.2	150.3	75.0	26.1	26.3	943487.8	20.010	635.682	43	TiO2 - STANDARD	
	638.1	150.0	150.4	201.6	200.2	150.2	75.0	26.1	26.3	943490.8	20.007	638.680	43	TiO2 - STANDARD	
	640.1	149.9	150.4	201.6	200.2	150.2	75.0	26.1	26.3	943493.8	20.004	641.681	43	TiO2 - STANDARD	
	644.1	149.9	150.4	201.6	200.2	150.2	75.0	26.1	26.3	943496.8	20.004	644.681	43	TiO2 - STANDARD	goto;0850
	646.1	149.9	150.4	201.5	200.2	150.2	75.0	26.1	26.3	943499.8	20.007	647.681	42	TiO2 - STANDARD	
	650.1	150.0	150.4	201.5	200.2	150.3	75.0	26.1	26.3	943502.8	20.007	650.681	42	TiO2 - STANDARD	
	652.1	150.0	150.4	201.5	200.2	150.3	75.0	26.1	26.3	943505.8	20.010	653.682	42	TiO2 - STANDARD	
	656.1	149.9	150.4	201.6	200.2	150.2	75.0	26.1	26.3	943508.8	20.001	656.682	42	TiO2 - STANDARD	
	658.1	149.9	150.4	201.6	200.2	150.2	75.0	26.1	26.4	943511.8	19.977	659.680	42	TiO2 - STANDARD	
	662.1	150.0	150.4	201.6	200.2	150.2	75.0	26.1	26.3	943514.8	19.998	662.680	42	TiO2 - STANDARD	
	664.1	150.0	150.4	201.6	200.2	150.2	75.0	26.1	26.3	943517.8	20.010	665.681	42	TiO2 - STANDARD	
	668.1	150.0	150.4	201.6	200.2	150.2	75.0	26.1	26.3	943520.8	20.001	668.680	42	TiO2 - STANDARD	
	670.1	149.9	150.4	201.6	200.2	150.2	75.0	26.1	26.3	943523.8	20.007	671.679	42	TiO2 - STANDARD	
	674.1	149.9	150.4	201.8	200.2	150.2	75.0	26.1	26.3	943526.8	20.004	674.681	42	TiO2 - STANDARD	
	676.1	149.9	150.4	201.8	200.2	150.2	75.0	26.1	26.3	943529.8	20.007	677.680	42	TiO2 - STANDARD	
	680.1	149.9	150.4	201.9	200.2	150.2	75.0	26.1	26.4	943532.8	20.001	680.682	42	TiO2 - STANDARD	
	682.1	149.9	150.4	201.9	200.1	150.2	75.0	26.1	26.4	943535.8	20.007	683.681	42	TiO2 - STANDARD	
	686.1	149.9	150.4	201.9	200.2	150.1	75.0	26.1	26.3	943538.8	20.001	686.681	42	TiO2 - STANDARD	
	688.1	149.9	150.4	201.8	200.3	150.2	75.0	26.1	26.4	943541.8	20.004	689.680	42	TiO2 - STANDARD	
	692.1	149.9	150.4	201.5	200.3	150.2	75.0	26.1	26.4	943544.8	20.016	692.680	42	TiO2 - STANDARD	
	694.1	149.9	150.3	201.3	200.2	150.2	75.0	26.1	26.4	943547.8	19.992	695.682	41	TiO2 - STANDARD	
	698.1	149.9	150.4	201.1	200.2	150.2	75.0	26.1	26.3	943550.8	20.001	698.681	41	TiO2 - STANDARD	
	700.1	149.9	150.4	200.9	200.2	150.2	75.0	26.1	26.4	943553.8	20.010	701.680	41	TiO2 - STANDARD	
	704.1	149.9	150.3	200.9	200.2	150.2	75.0	26.1	26.4	943556.8	20.004	704.681	41	TiO2 - STANDARD	
	706.1	149.9	150.3	200.8	200.2	150.2	75.0	26.1	26.4	943559.8	20.007	707.680	41	TiO2 - STANDARD	
	710.1	150.0	150.4	200.8	200.1	150.2	75.0	26.2	26.3	943562.8	20.010	710.680	41	TiO2 - STANDARD	
	712.1	149.9	150.4	200.9	200.2	150.2	75.0	26.1	26.4	943565.8	20.007	713.680	41	TiO2 - STANDARD	
	716.1	149.9	150.3	200.9	200.2	150.2	75.0	26.1	26.4	943568.8	20.010	716.680	41	TiO2 - STANDARD	
	718.1	150.0	150.3	201.0	200.2	150.2	75.0	26.1	26.4	943571.8	20.010	719.679	41	TiO2 - STANDARD	
	722.1	149.9	150.3	201.2	200.3	150.2	75.0	26.1	26.4	943574.8	20.013	722.681	41	TiO2 - STANDARD	
	724.1	149.9	150.4	201.2	200.2	150.2	75.0	26.1	26.3	943577.8	19.974	725.679	41	TiO2 - STANDARD	
	728.1	149.9	150.3	201.5	200.2	150.2	75.0	26.1	26.4	943580.8	20.007	728.678	41	TiO2 - STANDARD	
	730.1	150.0	150.4	201.5	200.1	150.2	75.0	26.1	26.4	943583.8	19.998	731.679	41	TiO2 - STANDARD	
	734.1	149.9	150.3	201.7	200.2	150.2	75.0	26.1	26.4	943586.8	20.004	734.679	41	TiO2 - STANDARD	
	736.1	149.9	150.3	201.8	200.2	150.2	75.0	26.1	26.4	943589.8	20.013	737.681	41	TiO2 - STANDARD	
	740.1	149.9	150.3	202.0	200.2	150.2	75.0	26.1	26.4	943592.8	20.007	740.680	41	TiO2 - STANDARD	
	742.1	149.9	150.3	202.0	200.2	150.3	75.0	26.1	26.4	943595.8	20.007	743.680	41	TiO2 - STANDARD	
	746.1	149.9	150.3	201.9	200.1	150.2	75.0	26.1	26.3	943598.8	19.998	746.680	40	TiO2 - STANDARD	
	748.1	149.9	150.3	201.9	200.2	150.2	75.0	26.1	26.4	943601.8	20.001	749.680	40	TiO2 - STANDARD	
	752.1	149.9	150.3	201.7	200.2	150.2	75.0	26.1	26.4	943604.8	19.998	752.680	40	TiO2 - STANDARD	
	754.1	149.9	150.3	201.6	200.2	150.2	75.0	26.2	26.4	943607.8	19.977	755.682	40	TiO2 - STANDARD	
	758.1	149.9	150.2	201.5	200.2	150.2	75.0	26.1	26.4	943610.8	20.004	758.683	40	TiO2 - STANDARD	
	760.1	149.9	150.3	201.5	200.2	150.2	75.0	26.1	26.4	943613.8	20.020	761.680	40	TiO2 - STANDARD	
	764.1	149.9	150.3	201.3	200.1	150.1	75.0	26.1	26.4	943616.8	20.001	764.679	40	TiO2 - STANDARD	
	766.1	149.9	150.2	201.3	200.1	150.2	75.0	26.2	26.4	943619.8	20.013	767.681	40	TiO2 - STANDARD	
	770.1	149.9	150.2	201.1	200.2	150.2	75.0	26.1	26.4	943622.8	20.010	770.681	40	TiO2 - STANDARD	
	772.1	149.9	150.3	201.1	200.1	150.1	75.0	26.2	26.4	943625.8	20.004	773.682	40	TiO2 - STANDARD	
	776.1	149.9	150.3	201.1	200.2	150.2	75.0	26.1	26.4	943628.8	20.007	776.681	40	TiO2 - STANDARD	
	778.1	149.9	150.3	201.1	200.1	150.2	75.0	26.1	26.4	943631.8	20.001	779.680	40	TiO2 - STANDARD	
	782.1	149.9	150.3	201.0	200.2	150.1	75.0	26.1	26.4	943634.8	20.007	782.681	40	TiO2 - STANDARD	
	784.1	149.9	150.2	200.9	200.2	150.2	75.0	26.2	26.4	943637.8	20.007	785.682	40	TiO2 - STANDARD	
	788.1	149.9	150.2	201.0	200.3	150.2	75.0	26.2	26.4	943640.8	20.007	788.681	40	TiO2 - STANDARD	
	790.1	149.9	150.3	201.1	200.2	150.2	75.0	26.2	26.4	943643.8	20.007	791.681	40	TiO2 - STANDARD	
	794.1	149.9	150.2	201.2	200.3	150.2	75.0	26.2	26.4	943646.8	20.004	794.679	40	TiO2 - STANDARD	
	796.1	149.9	150.3	201.2	200.3	150.2	75.0	26.2	26.4	943649.8	20.010	797.679	39	TiO2 - STANDARD	
	800.1	149.9	150.2	201.4	200.3	150.1	75.0	26.2	26.4	943652.8	20.004	800.680	39	TiO2 - STANDARD	
	802.1	149.9	150.3	201.4	200.3	150.2	75.0	26.2	26.4	943655.8	20.007	803.683	39	TiO2 - STANDARD	
	806.1	149.9	150.2	201.5	200.3	150.1	75.0	26.2	26.4	943658.8	20.013	806.681	39	TiO2 - STANDARD	
	808.1	149.9	150.2	201.4	200.3	150.2	75.0	26.2	26.4	943661.8	19.998	809.683	39	TiO2 - STANDARD	
	812.1	149.9	150.2	201.4	200.3	150.2	75.0	26.1	26.4	943664.8	20.010	812.681	39	TiO2 - STANDARD	
	814.1	149.9	150.3	201.4	200.3	150.2	75.0	26.2	26.4	943667.8	20.007	815.681	39	TiO2 - STANDARD	
	818.1	149.9	150.2	201.3	200.3	150.2	75.0	26.2	26.4	943670.8	20.001	818.680	39	TiO2 - STANDARD	
	820.1	149.9	150.2	201.3	200.3	150.2	75.0	26.2	26.4	943673.8	20.016	821.678	39	TiO2 - STANDARD	
	824.1	149.9	150.2	201.3	200.4	150.1	75.0	26.2	26.4	943676.8	19.965	824.679	39	TiO2 - STANDARD	
	826.1	149.9	150.3	201.2	200.3	150.2	75.0	26.2	26.4	943679.8	20.029	827.680	39	TiO2 - STANDARD	
	830.1	149.9	150.2	201.2	200.3	150.1	75.0	26.2	26.4	943682.8	20.004	830.680	39	TiO2 - STANDARD	
	832.1	149.8	150.3	201.1	200.3	150.1	75.0	26.2	26.4	943685.8	20.004	833.681	39	TiO2 - STANDARD	
	836.1	149.8	150.2	200.9	200.3	150.1	75.0	26.2	26.4	943688.8	20.004	836.680	39	TiO2 - STANDARD	
	838.1	149.9	150.2	200.9	200.4	150.2	75.0	26.2	26.4	943691.8	20.007	839.681	39	TiO2 - STANDARD	
	842.1	149.9	150.2	200.7	200.3	150.2	75.0	26.2	26.4	943694.8	19.949	842.681	39	TiO2 - STANDARD	
	844.1	149.9	150.2	200.6	200.4	150.2	75.0	26.2	26.4	943697.8	20.007	845.678	39	TiO2 - STANDARD	
	848.1	149.9	150.2	200.5	200.4	150.2	75.0	26.2	26.4	943700.8	19.977	848.682	38	TiO2 - STANDARD	
	850.1	149.9	150.3	200.5	200.3	150.2	75.0	26.2	26.4	943703.8	20.001	851.682	38	TiO2 - STANDARD	
	854.1	149.9	150.2	200.4	200.3	150.2	75.0	26.2	26.4	943706.8	20.001	854.681	38	TiO2 - STANDARD	
	856.1	149.9	150.2	200.4	200.3	150.1	75.0	26.2	26.4	943709.8	20.004	857.680	38	TiO2 - STANDARD	
	860.1	149.8	150.2	200.5	200.3	150.1	75.0	26.2	26.4	943712.8	20.013	860.680	38	TiO2 - STANDARD	
	862.1	149.9	150.2	200.5	200.3	150.1	75.0	26.2	26.4	943715.8	20.004	863.681	38	TiO2 - STANDARD	
	866.1	149.9	150.2	200.7	200.3	150.2	75.0	26.2	26.4	943718.8	20.004	866.681	38	TiO2 - STANDARD	
	868.1	150.0	150.3	200.8	200.4	150.1	75.0	26.2	26.4	943721.8	20.004	869.682	38	TiO2 - STANDARD	
	872.1	149.9	150.2	200.9	200.3	150.2	75.0	26.2	26.4	943724.8	20.001	872.679	38	TiO2 - STANDARD	
	874.1	149.9	150.2	201.0	200.4	150.2	75.0	26.2	26.5	943727.8	20.004	875.680	38	TiO2 - STANDARD	
	878.1	149.9	150.2	201.0	200.4	150.2	75.0	26.2	26.4	943730.8	19.998	878.679	38	TiO2 - STANDARD	
	880.1	149.9	150.2	201.0	200.3	150.2	75.0	26.2	26.4	943733.8	20.004	881.679	38	TiO2 - STANDARD	
	884.1	149.9	150.2	201.0	200.4	150.2	75.0	26.2	26.5	943736.8	20.004	884.679	38	TiO2 - STANDARD	
	886.1	149.9	150.2	201.0	200.4	150.2	75.0	26.2	26.5	943739.8	20.007	887.679	38	TiO2 - STANDARD	
	890.1	149.9	150.2	200.9	200.3	150.2	75.0	26.2	26.4	943742.8	20.007	890.679	38	TiO2 - STANDARD	
	892.1	149.9	150.1	200.8	200.3	150.2	75.0	26.2	26.4	943745.8	20.007	893.681	38	TiO2 - STANDARD	
	896.1	149.9	150.2	200.8	200.3	150.1	75.0	26.2	26.4	943748.8	20.004	896.681	38	TiO2 - STANDARD	
	898.1	149.9	150.2	200.6	200.3	150.2	75.0	26.2	26.4	943751.8	20.013	899.682	37	TiO2 - STANDARD	
	902.1	149.9	150.2	200.6	200.3	150.2	75.0	26.2	26.4	943754.8	20.007	902.681	37	TiO2 - STANDARD	
	904.1	149.9	150.2	200.7	200.3	150.2	75.0	26.2	26.4	943757.8	20.004	905.681	37	TiO2 - STANDARD	
	908.1	149.9	150.2	200.6	200.3	150.2	75.0	26.2	26.4	943760.8	20.001	908.681	37	TiO2 - STANDARD	
	910.1	149.9	150.2	200.6	200.3	150.2	75.0	26.2	26.5	943763.8	20.001	911.680	37	TiO2 - STANDARD	
	914.1	149.9	150.2	200.7	200.2	150.2	75.0	26.2	26.4	943766.8	19.995	914.680	37	TiO2 - STANDARD	
	916.1	149.9	150.2	200.8	200.3	150.2	75.0	26.2	26.4	943769.8	19.986	917.679	37	TiO2 - STANDARD	
	920.1	149.9	150.2	200.7	200.2	150.1	75.0	26.2	26.5	943772.8	20.004	920.680	37	TiO2 - STANDARD	
	922.1	149.9	150.2	200.8	200.3	150.2	75.0	26.2	26.5	943775.8	20.050	923.680	37	TiO2 - STANDARD	
	926.1	149.9	150.2	200.8	200.3	150.2	75.0	26.2	26.4	943778.8	20.004	926.680	37	TiO2 - STANDARD	
	928.1	149.9	150.2	200.7	200.3	150.2	75.0	26.2	26.4	943781.8	20.023	929.680	37	TiO2 - STANDARD	
	932.1	149.9	150.2	200.7	200.4	150.2	75.0	26.2	26.5	943784.8	20.016	932.680	37	TiO2 - STANDARD	
	934.1	149.9	150.2	200.7	200.4	150.2	75.0	26.2	26.5	943787.8	20.010	935.681	37	TiO2 - STANDARD	
	938.1	150.0	150.2	200.9	200.4	150.2	75.0	26.2	26.4	943790.8	20.010	938.680	37	TiO2 - STANDARD	
	940.1	149.9	150.2	200.9	200.3	150.2	75.0	26.2	26.5	943793.8	20.007	941.681	37	TiO2 - STANDARD	
	944.1	149.9	150.2	201.0	200.3	150.2	75.0	26.2	26.5	943796.8	20.001	944.681	37	TiO2 - STANDARD	
	946.1	149.9	150.2	201.1	200.4	150.2	75.0	26.2	26.4	943799.8	19.992	947.679	37	TiO2 - STANDARD	
	950.1	149.9	150.2	201.2	200.4	150.1	75.0	26.2	26.5	943802.8	20.004	950.681	36	TiO2 - STANDARD	
	952.1	149.9	150.2	201.2	200.3	150.2	75.0	26.2	26.5	943805.8	20.007	953.682	36	TiO2 - STANDARD	
	956.1	149.9	150.2	201.3	200.4	150.2	75.0	26.2	26.4	943808.8	20.010	956.682	36	TiO2 - STANDARD	
	958.1	149.9	150.2	201.4	200.3	150.2	75.0	26.2	26.5	943811.8	20.010	959.680	36	TiO2 - STANDARD	
	962.1	149.9	150.2	201.4	200.3	150.2	75.0	26.2	26.5	943814.8	20.007	962.680	36	TiO2 - STANDARD	
	964.1	149.9	150.2	201.4	200.3	150.2	75.0	26.2	26.5	943817.8	20.004	965.681	36	TiO2 - STANDARD	
	968.1	149.9	150.2	201.2	200.3	150.2	75.0	26.2	26.5	943820.8	19.971	968.681	36	TiO2 - STANDARD	
	970.1	149.9	150.2	201.2	200.3	150.2	75.0	26.2	26.5	943823.8	20.004	971.678	36	TiO2 - STANDARD	
	974.1	149.9	150.2	201.1	200.3	150.2	75.0	26.2	26.5	943826.8	20.016	974.681	36	TiO2 - STANDARD	
	976.1	149.9	150.1	201.1	200.3	150.2	75.0	26.2	26.5	943829.8	20.004	977.681	36	TiO2 - STANDARD	
	980.1	149.9	150.2	201.1	200.3	150.2	75.0	26.2	26.5	943832.8	20.004	980.681	36	TiO2 - STANDARD	
	982.1	149.9	150.1	201.1	200.3	150.2	75.0	26.2	26.5	943835.8	20.007	983.681	36	TiO2 - STANDARD	
	986.1	149.9	150.1	200.9	200.3	150.2	75.0	26.2	26.5	943838.8	20.001	986.681	36	TiO2 - STANDARD	
	988.1	149.9	150.1	200.8	200.4	150.2	75.0	26.2	26.5	943841.8	20.010	989.681	36	TiO2 - STANDARD	
	992.1	149.9	150.2	200.6	200.3	150.2	75.0	26.2	26.5	943844.8	20.013	992.682	36	TiO2 - STANDARD	
	994.1	149.9	150.1	200.6	200.4	150.2	75.0	26.2	26.5	943847.8	20.007	995.680	36	TiO2 - STANDARD	
	998.1	149.9	150.2	200.7	200.4	150.2	75.0	26.2	26.5	943850.8	19.998	998.681	36	TiO2 - STANDARD	
	1000.1	149.9	150.2	200.8	200.4	150.2	75.0	26.2	26.5	943853.8	20.007	1001.681	35	TiO2 - STANDARD	
	1004.1	150.0	150.1	200.9	200.3	150.2	75.0	26.2	26.5	943856.8	19.983	1004.683	35	TiO2 - STANDARD	
	1006.1	149.9	150.2	200.9	200.4	150.2	75.0	26.2	26.5	943859.8	20.007	1007.682	35	TiO2 - STANDARD	
	1010.1	149.9	150.2	201.1	200.3	150.2	75.0	26.2	26.5	943862.8	19.998	1010.681	35	TiO2 - STANDARD	
	1012.1	149.9	150.1	201.2	200.4	150.2	75.0	26.2	26.5	943865.8	20.001	1013.679	35	TiO2 - STANDARD	
	1016.1	149.9	150.2	201.3	200.3	150.2	75.0	26.2	26.5	943868.8	20.007	1016.678	35	TiO2 - STANDARD	
	1018.1	149.9	150.2	201.4	200.3	150.2	75.0	26.2	26.5	943871.8	19.998	1019.678	35	TiO2 - STANDARD	
	1022.1	150.0	150.1	201.7	200.3	150.2	75.0	26.2	26.5	943874.8	20.013	1022.679	35	TiO2 - STANDARD	
	1024.1	149.9	150.2	201.7	200.3	150.2	75.0	26.2	26.5	943877.8	20.001	1025.692	35	TiO2 - STANDARD	
	1028.1	149.9	150.1	201.7	200.3	150.2	75.0	26.2	26.5	943880.8	19.992	1028.680	35	TiO2 - STANDARD	
	1030.1	149.9	150.1	201.7	200.2	150.2	75.0	26.2	26.5	943883.8	20.007	1031.681	35	TiO2 - STANDARD	
	1034.1	149.9	150.1	201.8	200.2	150.1	75.0	26.2	26.5	943886.8	20.007	1034.683	35	TiO2 - STANDARD	
	1036.1	149.9	150.1	201.8	200.3	150.2	75.0	26.2	26.5	943889.8	19.995	1037.681	35	TiO2 - STANDARD	
	1040.1	149.9	150.2	202.0	200.2	150.2	75.0	26.2	26.5	943892.8	20.004	1040.680	35	TiO2 - STANDARD	
	1042.1	149.9	150.1	202.0	200.3	150.2	75.0	26.2	26.5	943895.8	19.959	1043.681	35	TiO2 - STANDARD	
	1046.1	149.9	150.1	202.1	200.1	150.2	75.0	26.2	26.5	943898.8	20.007	1046.680	35	TiO2 - STANDARD	
	1048.1	149.9	150.1	202.1	200.2	150.2	75.0	26.2	26.5	943901.8	20.004	1049.680	35	TiO2 - STANDARD	
	1052.1	149.9	150.1	202.0	200.1	150.2	75.0	26.2	26.5	943904.8	20.001	1052.681	34	TiO2 - STANDARD	
	1054.1	149.9	150.2	201.9	200.1	150.2	75.0	26.2	26.5	943907.8	20.020	1055.682	34	TiO2 - STANDARD	
	1058.1	149.9	150.2	201.9	200.1	150.2	75.0	26.2	26.5	943910.8	20.001	1058.681	34	TiO2 - STANDARD	
	1060.1	150.0	150.1	201.9	200.1	150.2	75.0	26.2	26.5	943913.8	20.010	1061.682	34	TiO2 - STANDARD	
	1064.1	149.9	150.1	201.8	200.1	150.1	75.0	26.2	26.5	943916.8	20.004	1064.680	34	TiO2 - STANDARD	
	1066.1	149.9	150.1	201.8	200.1	150.2	75.0	26.2	26.5	943919.8	20.004	1067.679	34	TiO2 - STANDARD	
	1070.1	150.0	150.1	201.7	200.2	150.1	75.0	26.2	26.5	943922.8	20.001	1070.679	34	TiO2 - STANDARD	
	1072.1	150.0	150.2	201.7	200.1	150.2	75.0	26.3	26.5	943925.8	20.010	1073.681	34	TiO2 - STANDARD	
	1076.1	150.0	150.1	201.6	200.2	150.1	75.0	26.2	26.5	943928.8	20.004	1076.680	34	TiO2 - STANDARD	
	1078.1	150.0	150.2	201.6	200.2	150.2	75.0	26.2	26.5	943931.8	20.016	1079.680	34	TiO2 - STANDARD	
	1082.1	150.0	150.2	201.5	200.2	150.2	75.0	26.3	26.5	943934.8	20.001	1082.680	34	TiO2 - STANDARD	
	1084.1	150.0	150.1	201.4	200.2	150.1	75.0	26.2	26.5	943937.8	20.001	1085.681	34	TiO2 - STANDARD	
	1088.1	149.9	150.2	201.4	200.3	150.2	75.0	26.2	26.5	943940.8	20.010	1088.680	34	TiO2 - STANDARD	
	1090.1	150.0	150.1	201.3	200.2	150.1	75.0	26.2	26.5	943943.8	20.007	1091.683	34	TiO2 - STANDARD	
	1094.1	150.0	150.1	201.0	200.3	150.2	75.0	26.2	26.5	943946.8	20.004	1094.682	34	TiO2 - STANDARD	
	1096.1	150.0	150.2	201.0	200.3	150.2	75.0	26.2	26.5	943949.8	19.995	1097.680	34	TiO2 - STANDARD	
	1100.1	150.0	150.2	201.1	200.3	150.2	75.0	26.3	26.5	943952.8	19.968	1100.680	34	TiO2 - STANDARD	
	1102.1	150.0	150.1	201.0	200.3	150.2	75.0	26.2	26.5	943955.8	20.007	1103.681	33	TiO2 - STANDARD	
	1106.1	150.0	150.2	201.1	200.2	150.1	75.0	26.2	26.5	943958.8	20.007	1106.682	33	TiO2 - STANDARD	
	1108.1	149.9	150.2	201.1	200.2	150.1	75.0	26.2	26.5	943961.8	20.010	1109.681	33	TiO2 - STANDARD	
	1112.1	150.0	150.2	201.1	200.1	150.1	75.0	26.3	26.6	943964.8	20.016	1112.680	33	TiO2 - STANDARD	
	1114.1	150.0	150.1	201.0	200.2	150.2	75.0	26.2	26.5	943967.8	20.010	1115.681	33	TiO2 - STANDARD	
	1118.1	150.0	150.1	200.8	200.2	150.2	75.0	26.2	26.5	943970.8	20.001	1118.681	33	TiO2 - STANDARD	
	1120.1	150.0	150.1	200.7	200.1	150.2	75.0	26.3	26.5	943973.8	20.001	1121.680	33	TiO2 - STANDARD	
	1124.1	149.9	150.1	200.7	200.1	150.2	75.0	26.2	26.5	943976.8	19.998	1124.681	33	TiO2 - STANDARD	
	1126.1	150.0	150.1	200.5	200.1	150.1	75.0	26.2	26.5	943979.8	20.004	1127.681	33	TiO2 - STANDARD	
	1130.1	150.0	150.1	200.6	200.1	150.1	75.0	26.3	26.5	943982.8	20.010	1130.679	33	TiO2 - STANDARD	
	1132.1	150.0	150.2	200.6	200.1	150.1	75.0	26.2	26.5	943985.8	20.004	1133.680	33	TiO2 - STANDARD	
	1136.1	149.9	150.1	200.6	200.1	150.1	75.0	26.2	26.6	943988.8	20.047	1136.679	33	TiO2 - STANDARD	
	1138.1	149.9	150.1	200.6	200.1	150.1	75.0	26.3	26.6	943991.8	20.001	1139.679	33	TiO2 - STANDARD	
	1142.1	150.0	150.1	200.8	200.2	150.2	75.0	26.3	26.5	943994.8	20.001	1142.681	33	TiO2 - STANDARD	
	1144.1	150.0	150.1	200.9	200.2	150.1	75.0	26.3	26.5	943997.8	20.013	1145.680	33	TiO2 - STANDARD	
	1148.1	149.9	150.1	200.9	200.2	150.1	75.0	26.2	26.5	944000.8	20.001	1148.681	33	TiO2 - STANDARD	
	1150.1	150.0	150.1	200.9	200.2	150.2	75.0	26.3	26.6	944003.8	20.016	1151.680	33	TiO2 - STANDARD	
	1154.1	150.0	150.2	200.9	200.1	150.1	75.0	26.3	26.5	944006.8	20.001	1154.678	32	TiO2 - STANDARD	
	1156.1	150.0	150.1	201.0	200.2	150.2	75.0	26.3	26.5	944009.8	20.013	1157.680	32	TiO2 - STANDARD	
	1160.1	150.0	150.2	200.9	200.2	150.1	75.0	26.2	26.5	944012.8	20.001	1160.680	32	TiO2 - STANDARD	
	1162.1	150.0	150.2	200.9	200.1	150.2	75.0	26.3	26.6	944015.8	20.001	1163.681	32	TiO2 - STANDARD	
	1166.1	150.0	150.1	201.0	200.3	150.1	75.0	26.3	26.5	944018.8	20.010	1166.680	32	TiO2 - STANDARD	
	1168.1	150.0	150.1	201.1	200.2	150.2	75.0	26.2	26.6	944021.8	20.010	1169.681	32	TiO2 - STANDARD	
	1172.1	150.0	150.2	201.2	200.1	150.1	75.0	26.3	26.5	944024.8	20.004	1172.682	32	TiO2 - STANDARD	
	1174.1	150.0	150.1	201.2	200.1	150.2	75.0	26.3	26.6	944027.8	19.998	1175.679	32	TiO2 - STANDARD	
	1178.1	150.0	150.1	201.0	200.2	150.1	75.0	26.3	26.5	944030.8	20.016	1178.680	32	TiO2 - STANDARD	
	1180.1	149.9	150.1	201.0	200.1	150.1	75.0	26.3	26.6	944033.8	20.010	1181.681	32	TiO2 - STANDARD	
	1184.1	150.0	150.1	200.9	200.2	150.2	75.0	26.3	26.6	944036.8	20.004	1184.680	32	TiO2 - STANDARD	
	1186.1	150.0	150.2	200.8	200.2	150.2	75.0	26.3	26.6	944039.8	20.007	1187.681	32	TiO2 - STANDARD	
	1190.1	150.0	150.1	201.0	200.2	150.2	75.1	26.3	26.6	944042.8	19.998	1190.680	32	TiO2 - STANDARD	
	1192.1	150.1	150.1	200.9	200.2	150.1	75.0	26.3	26.6	944045.8	20.004	1193.683	32	TiO2 - STANDARD	
	1196.1	150.0	150.1	201.0	200.2	150.2	75.0	26.3	26.6	944048.8	20.010	1196.680	32	TiO2 - STANDARD	
	1198.1	150.0	150.2	201.0	200.1	150.2	75.0	26.3	26.6	944051.8	20.004	1199.679	32	TiO2 - STANDARD	
	1202.1	150.0	150.1	201.1	200.1	150.1	75.0	26.3	26.5	944054.8	20.013	1202.682	32	TiO2 - STANDARD	
	1204.1	150.0	150.2	201.2	200.1	150.2	75.0	26.3	26.6	944057.8	19.995	1205.680	31	TiO2 - STANDARD	
	1208.1	150.0	150.1	201.2	200.1	150.2	75.0	26.3	26.5	944060.8	20.016	1208.681	31	TiO2 - STANDARD	
	1210.1	150.0	150.1	201.1	200.1	150.1	75.0	26.3	26.5	944063.8	20.056	1211.682	31	TiO2 - STANDARD	
	1214.1	150.0	150.1	201.0	200.1	150.2	75.0	26.3	26.6	944066.8	20.007	1214.680	31	TiO2 - STANDARD	
	1216.1	150.0	150.1	200.9	200.1	150.2	75.0	26.3	26.6	944069.8	20.001	1217.681	31	TiO2 - STANDARD	
	1220.1	150.0	150.1	200.8	200.1	150.2	75.0	26.3	26.6	944072.8	20.007	1220.680	31	TiO2 - STANDARD	
	1222.1	150.0	150.1	200.7	200.1	150.2	75.0	26.3	26.5	944075.8	20.004	1223.681	31	TiO2 - STANDARD	
	1226.1	150.0	150.1	200.7	200.1	150.2	75.0	26.3	26.6	944078.8	20.004	1226.679	31	TiO2 - STANDARD	
	1228.1	150.0	150.2	200.9	200.1	150.2	75.0	26.3	26.6	944081.8	20.010	1229.681	31	TiO2 - STANDARD	
	1232.1	150.0	150.1	200.9	200.1	150.2	75.0	26.3	26.6	944084.8	20.013	1232.681	31	TiO2 - STANDARD	
	1234.1	150.0	150.2	200.9	200.1	150.1	75.0	26.3	26.5	944087.8	20.004	1235.680	31	TiO2 - STANDARD	
	1238.1	150.0	150.1	200.9	200.1	150.2	75.0	26.3	26.6	944090.8	20.010	1238.681	31	TiO2 - STANDARD	
	1240.1	150.0	150.1	200.9	200.1	150.1	75.0	26.3	26.6	944093.8	20.001	1241.679	31	TiO2 - STANDARD	
	1244.1	150.0	150.2	200.9	200.1	150.1	75.0	26.3	26.6	944096.8	20.047	1244.681	31	TiO2 - STANDARD	
	1246.1	150.0	150.2	200.9	200.1	150.2	75.0	26.3	26.6	944099.8	20.004	1247.682	31	TiO2 - STANDARD	
	1250.1	150.0	150.1	201.1	200.1	150.2	75.0	26.3	26.6	944102.8	20.010	1250.682	31	TiO2 - STANDARD	
	1252.1	149.9	150.1	201.0	200.1	150.2	75.0	26.3	26.6	944105.8	19.995	1253.680	30	TiO2 - STANDARD	
	1256.1	150.0	150.1	200.9	200.0	150.1	75.0	26.3	26.6	944108.8	19.998	1256.681	30	TiO2 - STANDARD	
	1258.1	150.0	150.1	200.9	200.0	150.1	75.0	26.3	26.6	944111.8	20.001	1259.680	30	TiO2 - STANDARD	
	1262.1	150.0	150.1	200.8	200.0	150.2	75.0	26.3	26.6	944114.8	20.004	1262.680	30	TiO2 - STANDARD	
	1264.1	150.0	150.1	200.7	200.0	150.1	75.0	26.3	26.6	944117.8	20.010	1265.680	30	TiO2 - STANDARD	
	1268.1	150.0	150.1	200.6	200.0	150.2	75.0	26.3	26.6	944120.8	20.013	1268.680	30	TiO2 - STANDARD	
	1270.1	150.0	150.1	200.5	200.1	150.1	75.0	26.3	26.6	944123.8	19.959	1271.682	30	TiO2 - STANDARD	
	1274.1	150.0	150.1	200.6	200.0	150.1	75.0	26.3	26.6	944126.8	20.007	1274.679	30	TiO2 - STANDARD	
	1276.1	150.0	150.1	200.7	200.1	150.1	75.0	26.3	26.6	944129.8	20.004	1277.680	30	TiO2 - STANDARD	
	1280.1	150.0	150.2	200.8	200.1	150.1	75.0	26.3	26.6	944132.8	19.998	1280.679	30	TiO2 - STANDARD	
	1282.1	150.0	150.1	200.9	200.0	150.1	75.0	26.3	26.6	944135.8	20.007	1283.680	30	TiO2 - STANDARD	
	1286.1	150.0	150.1	201.2	200.0	150.1	75.0	26.3	26.6	944138.8	20.004	1286.680	30	TiO2 - STANDARD	
	1288.1	150.0	150.1	201.2	200.0	150.1	75.0	26.3	26.6	944141.8	19.998	1289.679	30	TiO2 - STANDARD	
	1292.1	150.0	150.1	201.2	200.0	150.1	75.0	26.3	26.6	944144.8	20.007	1292.680	30	TiO2 - STANDARD	
	1294.1	150.0	150.1	201.1	200.0	150.1	75.0	26.3	26.6	944147.8	19.998	1295.679	30	TiO2 - STANDARD	
	1298.1	150.0	150.1	201.1	200.0	150.1	75.0	26.3	26.6	944150.8	20.001	1298.679	30	TiO2 - STANDARD	
	1300.1	150.0	150.1	201.1	199.9	150.1	75.0	26.3	26.6	944153.8	20.001	1301.679	30	TiO2 - STANDARD	
	1304.1	150.0	150.1	201.1	200.0	150.1	75.0	26.3	26.6	944156.8	19.998	1304.678	29	TiO2 - STANDARD	
	1306.1	150.0	150.1	201.2	200.0	150.1	75.0	26.3	26.6	944159.8	20.001	1307.681	29	TiO2 - STANDARD	
	1310.1	150.0	150.1	201.2	200.0	150.1	75.0	26.3	26.6	944162.8	20.001	1310.681	29	TiO2 - STANDARD	
	1312.1	150.0	150.1	201.2	200.0	150.1	75.0	26.3	26.6	944165.8	19.971	1313.680	29	TiO2 - STANDARD	
	1316.1	150.0	150.1	201.2	200.0	150.1	75.0	26.3	26.6	944168.8	19.992	1316.681	29	TiO2 - STANDARD	
	1318.1	150.0	150.2	201.2	200.0	150.1	75.0	26.3	26.6	944171.8	20.010	1319.680	29	TiO2 - STANDARD	
	1322.1	150.0	150.1	201.1	200.0	150.1	75.0	26.3	26.6	944174.8	19.974	1322.681	29	TiO2 - STANDARD	
	1324.1	150.0	150.1	201.0	199.9	150.1	75.0	26.3	26.6	944177.8	20.010	1325.679	29	TiO2 - STANDARD	
	1328.1	150.0	150.1	201.0	200.0	150.1	75.0	26.3	26.6	944180.8	20.001	1328.681	29	TiO2 - STANDARD	
	1330.1	150.0	150.1	200.9	200.0	150.1	75.0	26.3	26.6	944183.8	20.013	1331.682	29	TiO2 - STANDARD	
	1334.1	150.1	150.1	200.8	200.0	150.1	75.0	26.3	26.6	944186.8	20.001	1334.680	29	TiO2 - STANDARD	
	1336.1	150.1	150.1	200.8	200.0	150.1	75.0	26.3	26.6	944189.8	20.001	1337.680	29	TiO2 - STANDARD	
	1340.1	150.0	150.1	200.8	200.0	150.1	75.0	26.3	26.6	944192.8	20.004	1340.682	29	TiO2 - STANDARD	
	1342.1	150.0	150.1	200.8	200.0	150.2	75.0	26.3	26.6	944195.8	20.001	1343.681	29	TiO2 - STANDARD	
	1346.1	150.0	150.1	200.8	199.9	150.1	75.0	26.3	26.6	944198.8	20.007	1346.681	29	TiO2 - STANDARD	
	1348.1	150.0	150.1	200.7	199.9	150.1	75.0	26.3	26.6	944201.8	20.013	1349.681	29	TiO2 - STANDARD	
	1352.1	150.1	150.1	200.6	199.9	150.1	75.0	26.3	26.6	944204.8	19.980	1352.682	29	TiO2 - STANDARD	
	1354.1	150.0	150.1	200.7	199.9	150.2	75.0	26.3	26.6	944207.8	20.004	1355.679	28	TiO2 - STANDARD	
	1358.1	150.1	150.1	200.9	199.9	150.1	75.0	26.3	26.6	944210.8	20.010	1358.681	28	TiO2 - STANDARD	
	1360.1	150.0	150.1	201.0	200.0	150.1	75.0	26.3	26.6	944213.8	20.004	1361.681	28	TiO2 - STANDARD	
	1364.1	150.0	150.1	201.2	200.0	150.1	75.0	26.3	26.6	944216.8	19.995	1364.680	28	TiO2 - STANDARD	
	1366.1	150.0	150.2	201.4	200.0	150.1	75.0	26.3	26.6	944219.8	20.004	1367.680	28	TiO2 - STANDARD	
	1370.1	150.0	150.1	201.5	199.9	150.1	75.0	26.3	26.7	944222.8	20.007	1370.679	28	TiO2 - STANDARD	
	1372.1	150.0	150.1	201.5	199.9	150.1	75.0	26.3	26.6	944225.8	20.007	1373.681	28	TiO2 - STANDARD	
	1376.1	150.0	150.1	201.3	200.0	150.1	75.0	26.3	26.6	944228.8	20.010	1376.680	28	TiO2 - STANDARD	
	1378.1	150.0	150.1	201.3	200.0	150.1	75.0	26.3	26.7	944231.8	20.001	1379.680	28	TiO2 - STANDARD	
	1382.1	150.0	150.2	201.1	200.0	150.1	75.1	26.3	26.6	944234.8	20.010	1382.679	28	TiO2 - STANDARD	
	1384.1	150.0	150.1	201.0	200.1	150.1	75.0	26.3	26.6	944237.8	20.010	1385.681	28	TiO2 - STANDARD	
	1388.1	150.0	150.1	200.7	200.1	150.1	75.0	26.3	26.7	944240.8	20.004	1388.680	28	TiO2 - STANDARD	
	1390.1	150.0	150.1	200.6	200.0	150.1	75.0	26.3	26.6	944243.8	19.998	1391.682	28	TiO2 - STANDARD	
	1394.1	150.0	150.2	200.4	200.0	150.1	75.0	26.3	26.7	944246.8	20.007	1394.682	28	TiO2 - STANDARD	
	1396.1	150.0	150.1	200.3	200.0	150.1	75.0	26.3	26.7	944249.8	19.995	1397.682	28	TiO2 - STANDARD	
	1400.1	150.0	150.2	200.2	200.0	150.1	75.0	26.3	26.6	944252.8	20.050	1400.679	28	TiO2 - STANDARD	
	1402.1	150.0	150.1	200.1	200.0	150.1	75.0	26.3	26.7	944255.8	20.001	1403.682	28	TiO2 - STANDARD	
	1406.1	150.0	150.1	200.2	199.9	150.1	75.0	26.3	26.7	944258.8	19.998	1406.681	27	TiO2 - STANDARD	
	1408.1	150.0	150.1	200.4	200.0	150.1	75.0	26.3	26.7	944261.8	20.001	1409.682	27	TiO2 - STANDARD	
	1412.1	150.0	150.1	200.4	200.0	150.1	75.0	26.3	26.6	944264.8	20.004	1412.681	27	TiO2 - STANDARD	
	1414.1	150.0	150.1	200.4	199.9	150.2	75.0	26.3	26.7	944267.8	20.007	1415.680	27	TiO2 - STANDARD	
	1418.1	150.0	150.1	200.4	200.0	150.1	75.0	26.3	26.7	944270.8	20.007	1418.680	27	TiO2 - STANDARD	
	1420.1	150.0	150.0	200.3	200.0	150.2	75.0	26.3	26.7	944273.8	20.020	1421.682	27	TiO2 - STANDARD	
	1424.1	150.0	150.1	200.2	200.0	150.1	75.0	26.3	26.7	944276.8	20.001	1424.681	27	TiO2 - STANDARD	
	1426.1	150.0	150.1	200.2	200.0	150.1	75.0	26.3	26.7	944279.8	19.998	1427.681	27	TiO2 - STANDARD	
	1430.1	150.0	150.1	200.0	200.1	150.1	75.0	26.4	26.7	944282.8	20.026	1430.681	27	TiO2 - STANDARD	
	1432.1	150.0	150.1	200.0	200.0	150.1	75.0	26.3	26.6	944285.8	20.004	1433.680	27	TiO2 - STANDARD	
	1436.1	150.0	150.1	199.9	200.0	150.1	75.0	26.3	26.7	944288.8	20.001	1436.681	27	TiO2 - STANDARD	
	1438.1	150.0	150.1	199.9	200.1	150.2	75.0	26.3	26.6	944291.8	20.001	1439.679	27	TiO2 - STANDARD	
	1442.1	150.0	150.1	200.0	200.1	150.1	75.0	26.3	26.7	944294.8	20.013	1442.679	27	TiO2 - STANDARD	
	1444.1	150.0	150.1	200.1	200.1	150.2	75.0	26.4	26.7	944297.8	20.013	1445.679	27	TiO2 - STANDARD	
	1448.1	150.0	150.1	200.2	200.1	150.1	75.0	26.3	26.7	944300.8	20.013	1448.678	27	TiO2 - STANDARD	
	1450.1	150.0	150.1	200.2	200.0	150.1	75.0	26.3	26.7	944303.8	20.007	1451.679	27	TiO2 - STANDARD	
	1454.1	149.9	150.1	200.3	200.0	150.1	75.0	26.3	26.7	944306.8	20.004	1454.680	27	TiO2 - STANDARD	
	1456.1	150.0	150.1	200.3	200.0	150.1	75.0	26.3	26.7	944309.8	20.001	1457.680	26	TiO2 - STANDARD	
	1460.1	150.0	150.1	200.6	200.0	150.2	75.0	26.4	26.7	944312.8	19.998	1460.682	26	TiO2 - STANDARD	
	1462.1	150.0	150.1	200.5	200.0	150.1	75.0	26.3	26.7	944315.8	20.001	1463.681	26	TiO2 - STANDARD	
	1466.1	150.0	150.1	200.7	200.0	150.1	75.0	26.4	26.7	944318.8	20.013	1466.681	26	TiO2 - STANDARD	
	1468.1	150.0	150.1	200.7	199.9	150.1	75.0	26.4	26.7	944321.8	19.998	1469.680	26	TiO2 - STANDARD	
	1472.1	150.0	150.1	200.5	199.8	150.1	75.0	26.3	26.7	944324.8	20.010	1472.680	26	TiO2 - STANDARD	
	1474.1	150.0	150.1	200.5	199.9	150.1	75.0	26.4	26.7	944327.8	20.013	1475.680	26	TiO2 - STANDARD	
	1478.1	150.0	150.1	200.4	199.9	150.1	75.0	26.4	26.7	944330.8	20.001	1478.680	26	TiO2 - STANDARD	
	1480.1	150.0	150.1	200.3	199.9	150.1	75.0	26.4	26.7	944333.8	20.001	1481.680	26	TiO2 - STANDARD	
	1484.1	150.0	150.0	200.0	199.9	150.1	75.0	26.4	26.7	944336.8	19.998	1484.678	26	TiO2 - STANDARD	
	1486.1	150.0	150.1	200.0	199.9	150.1	75.0	26.4	26.7	944339.8	19.992	1487.681	26	TiO2 - STANDARD	
	1490.1	150.0	150.1	200.0	200.0	150.2	75.0	26.4	26.7	944342.8	19.992	1490.680	26	TiO2 - STANDARD	
	1492.1	150.0	150.1	200.0	199.9	150.1	75.0	26.4	26.7	944345.8	20.001	1493.681	26	TiO2 - STANDARD	
	1496.1	150.0	150.1	200.0	200.0	150.1	75.0	26.4	26.7	944348.8	20.004	1496.681	26	TiO2 - STANDARD	
	1498.1	150.0	150.1	200.0	199.9	150.1	75.0	26.3	26.7	944351.8	19.998	1499.681	26	TiO2 - STANDARD	
	1502.1	150.0	150.0	199.9	200.0	150.1	75.0	26.4	26.7	944354.8	20.010	1502.679	26	TiO2 - STANDARD	
	1504.1	150.0	150.1	199.8	199.9	150.1	75.0	26.3	26.7	944357.8	20.013	1505.680	26	TiO2 - STANDARD	
	1508.1	150.0	150.1	199.7	199.9	150.1	75.0	26.4	26.7	944360.8	20.001	1508.681	25	TiO2 - STANDARD	
	1510.1	150.0	150.1	199.7	199.9	150.1	75.0	26.4	26.7	944363.8	20.001	1511.682	25	TiO2 - STANDARD	
	1514.1	150.1	150.1	199.8	200.0	150.1	75.0	26.4	26.7	944366.8	20.004	1514.681	25	TiO2 - STANDARD	
	1516.1	150.0	150.1	199.9	199.9	150.1	75.0	26.4	26.7	944369.8	20.010	1517.681	25	TiO2 - STANDARD	
	1520.1	150.0	150.1	200.0	199.9	150.1	75.0	26.4	26.7	944372.8	20.004	1520.681	25	TiO2 - STANDARD	
	1522.1	150.0	150.1	200.0	199.9	150.1	75.0	26.4	26.7	944375.8	20.029	1523.681	25	TiO2 - STANDARD	
	1526.1	150.0	150.1	200.1	200.0	150.1	75.0	26.4	26.7	944378.8	20.007	1526.680	25	TiO2 - STANDARD	
	1528.1	150.0	150.1	200.1	199.9	150.1	75.0	26.4	26.7	944381.8	20.004	1529.681	25	TiO2 - STANDARD	
	1532.1	150.0	150.1	200.0	200.0	150.0	75.0	26.4	26.7	944384.8	20.007	1532.681	25	TiO2 - STANDARD	
	1534.1	150.0	150.1	200.1	199.9	150.1	75.0	26.4	26.7	944387.8	20.001	1535.679	25	TiO2 - STANDARD	
	1538.1	150.0	150.1	200.2	199.9	150.1	75.0	26.4	26.7	944390.8	20.001	1538.680	25	TiO2 - STANDARD	
	1540.1	150.0	150.1	200.3	199.9	150.1	75.0	26.4	26.7	944393.8	20.001	1541.681	25	TiO2 - STANDARD	
	1544.1	150.0	150.1	200.4	199.9	150.1	75.0	26.4	26.7	944396.8	19.998	1544.681	25	TiO2 - STANDARD	
	1546.1	150.0	150.0	200.6	199.9	150.1	75.0	26.4	26.7	944399.8	20.004	1547.680	25	TiO2 - STANDARD	
	1550.1	150.0	150.1	200.8	199.9	150.1	75.0	26.4	26.7	944402.8	20.007	1550.680	25	TiO2 - STANDARD	
	1552.1	150.0	150.1	200.8	199.9	150.0	75.0	26.4	26.7	944405.8	19.995	1553.682	25	TiO2 - STANDARD	
	1556.1	150.0	150.1	200.8	199.9	150.1	75.0	26.4	26.7	944408.8	20.001	1556.681	25	TiO2 - STANDARD	
	1558.1	150.0	150.1	200.7	199.9	150.0	75.0	26.4	26.7	944411.8	20.016	1559.679	24	TiO2 - STANDARD	
	1562.1	150.0	150.1	200.5	199.9	150.0	75.0	26.4	26.7	944414.8	20.007	1562.682	24	TiO2 - STANDARD	
	1564.1	150.0	150.1	200.5	199.9	150.1	75.0	26.4	26.7	944417.8	20.007	1565.680	24	TiO2 - STANDARD	
	1568.1	150.1	150.1	200.3	199.9	150.0	75.0	26.4	26.8	944420.8	20.010	1568.680	24	TiO2 - STANDARD	
	1570.1	149.9	150.0	200.2	199.9	150.1	75.0	26.4	26.7	944423.8	20.007	1571.681	24	TiO2 - STANDARD	
	1574.1	150.0	150.1	200.1	199.9	150.1	75.0	26.4	26.7	944426.8	20.007	1574.679	24	TiO2 - STANDARD	
	1576.1	150.0	150.1	200.0	199.9	150.1	75.0	26.4	26.7	944429.8	20.010	1577.681	24	TiO2 - STANDARD	
	1580.1	150.0	150.1	200.0	199.9	150.1	75.0	26.4	26.7	944432.8	20.004	1580.682	24	TiO2 - STANDARD	
	1582.1	150.0	150.1	200.0	199.9	150.1	75.0	26.4	26.7	944435.8	20.001	1583.682	24	TiO2 - STANDARD	
	1586.1	150.0	150.1	199.9	199.9	150.1	75.0	26.4	26.7	944438.8	20.013	1586.681	24	TiO2 - STANDARD	
	1588.1	150.0	150.1	200.1	199.9	150.1	75.0	26.4	26.7	944441.8	20.004	1589.680	24	TiO2 - STANDARD	
	1592.1	150.0	150.1	200.3	199.9	150.1	75.0	26.4	26.7	944444.8	19.998	1592.681	24	TiO2 - STANDARD	
	1594.1	150.0	150.1	200.4	199.9	150.1	75.0	26.4	26.7	944447.8	20.038	1595.679	24	TiO2 - STANDARD	
	1598.1	150.0	150.1	200.3	199.9	150.1	75.0	26.4	26.8	944450.8	20.001	1598.678	24	TiO2 - STANDARD	
	1600.1	150.0	150.1	200.3	199.9	150.0	75.0	26.4	26.7	944453.8	20.004	1601.681	24	TiO2 - STANDARD	
	1604.1	150.0	150.1	200.1	199.9	150.0	75.0	26.4	26.8	944456.8	20.013	1604.680	24	TiO2 - STANDARD	
	1606.1	149.9	150.1	200.0	200.0	150.0	75.0	26.4	26.8	944459.8	20.004	1607.680	24	TiO2 - STANDARD	
	1610.1	150.0	150.0	199.8	200.0	150.1	75.0	26.4	26.8	944462.8	20.001	1610.681	23	TiO2 - STANDARD	
	1612.1	150.0	150.1	199.6	200.0	150.0	75.0	26.4	26.8	944465.8	20.001	1613.680	23	TiO2 - STANDARD	
	1616.1	150.0	150.0	199.6	200.0	150.1	75.0	26.4	26.7	944468.8	20.001	1616.681	23	TiO2 - STANDARD	
	1618.1	150.0	150.1	199.7	200.0	150.0	75.0	26.4	26.8	944471.8	20.001	1619.681	23	TiO2 - STANDARD	
	1622.1	149.9	150.0	199.8	200.0	150.1	75.0	26.4	26.8	944474.8	20.004	1622.682	23	TiO2 - STANDARD	
	1624.1	150.0	150.1	199.8	200.0	150.0	75.0	26.4	26.8	944477.8	20.013	1625.681	23	TiO2 - STANDARD	
	1628.1	150.0	150.1	199.8	199.9	150.0	75.0	26.4	26.8	944480.8	19.995	1628.682	23	TiO2 - STANDARD	
	1630.1	150.0	150.0	199.8	199.9	150.1	75.0	26.4	26.8	944483.8	20.007	1631.682	23	TiO2 - STANDARD	
	1634.1	150.0	150.1	199.8	200.0	150.0	75.0	26.4	26.8	944486.8	19.995	1634.680	23	TiO2 - STANDARD	
	1636.1	150.0	150.1	199.9	200.0	150.1	75.0	26.4	26.8	944489.8	20.001	1637.680	23	TiO2 - STANDARD	
	1640.1	150.0	150.1	200.1	199.9	150.0	75.0	26.4	26.8	944492.8	20.004	1640.681	23	TiO2 - STANDARD	
	1642.1	150.0	150.1	200.0	200.0	150.0	75.0	26.4	26.8	944495.8	20.004	1643.681	23	TiO2 - STANDARD	
	1646.1	150.0	150.1	199.8	200.0	150.1	75.0	26.4	26.8	944498.8	19.983	1646.681	23	TiO2 - STANDARD	
	1648.1	150.0	150.1	199.7	200.0	150.0	75.0	26.4	26.7	944501.8	19.998	1649.680	23	TiO2 - STANDARD	
	1652.1	150.0	150.0	199.8	200.0	150.0	75.0	26.4	26.8	944504.8	20.004	1652.682	23	TiO2 - STANDARD	
	1654.1	150.0	150.1	199.7	200.0	150.0	75.0	26.4	26.8	944507.8	20.010	1655.679	23	TiO2 - STANDARD	
	1658.1	150.0	150.1	199.9	200.0	150.1	75.0	26.4	26.8	944510.8	20.016	1658.680	23	TiO2 - STANDARD	
	1660.1	150.0	150.1	199.9	200.0	150.1	75.0	26.4	26.8	944513.8	20.016	1661.681	22	TiO2 - STANDARD	
	1664.1	150.0	150.1	199.9	200.0	150.1	75.0	26.4	26.8	944516.8	20.001	1664.682	22	TiO2 - STANDARD	
	1666.1	150.0	150.1	200.0	200.1	150.1	75.0	26.4	26.8	944519.8	20.032	1667.681	22	TiO2 - STANDARD	
	1670.1	150.0	150.0	199.9	200.0	150.0	75.0	26.4	26.8	944522.8	19.998	1670.681	22	TiO2 - STANDARD	
	1672.1	150.0	150.1	199.8	200.0	150.1	75.0	26.4	26.8	944525.8	20.007	1673.680	22	TiO2 - STANDARD	
	1676.1	150.0	150.1	199.8	200.1	150.0	75.0	26.4	26.8	944528.8	20.004	1676.681	22	TiO2 - STANDARD	
	1678.1	150.0	150.0	199.8	200.0	150.1	75.0	26.4	26.8	944531.8	20.013	1679.681	22	TiO2 - STANDARD	
	1682.1	150.0	150.1	199.8	200.0	150.1	75.0	26.4	26.8	944534.8	20.001	1682.681	22	TiO2 - STANDARD	
	1684.1	150.0	150.1	199.9	200.2	150.1	75.0	26.4	26.8	944537.8	20.004	1685.680	22	TiO2 - STANDARD	
	1688.1	150.0	150.1	200.0	200.1	150.1	75.0	26.4	26.8	944540.8	20.001	1688.681	22	TiO2 - STANDARD	
	1690.1	150.0	150.1	200.0	200.1	150.1	75.0	26.4	26.8	944543.8	19.998	1691.680	22	TiO2 - STANDARD	
	1694.1	150.0	150.0	200.1	200.1	150.1	75.0	26.4	26.8	944546.8	19.998	1694.681	22	TiO2 - STANDARD	
	1696.1	150.0	150.0	200.2	200.1	150.0	75.0	26.4	26.8	944549.8	20.004	1697.679	22	TiO2 - STANDARD	
	1700.1	150.0	150.1	200.3	200.0	150.1	75.0	26.4	26.8	944552.8	20.010	1700.680	22	TiO2 - STANDARD	
	1702.1	150.0	150.1	200.2	200.1	150.0	75.0	26.4	26.8	944555.8	20.007	1703.679	22	TiO2 - STANDARD	
	1706.1	150.0	150.1	200.2	200.0	150.0	75.0	26.4	26.8	944558.8	20.001	1706.680	22	TiO2 - STANDARD	
	1708.1	150.0	150.0	200.1	200.0	150.1	75.0	26.4	26.8	944561.8	20.007	1709.682	22	TiO2 - STANDARD	
	1712.1	150.0	150.0	200.0	200.0	150.1	75.0	26.5	26.8	944564.8	20.013	1712.681	21	TiO2 - STANDARD	
	1714.1	150.0	150.0	199.8	199.9	150.1	75.0	26.4	26.8	944567.8	19.992	1715.682	21	TiO2 - STANDARD	
	1718.1	150.0	150.1	199.7	199.9	150.1	75.0	26.4	26.8	944570.8	20.001	1718.681	21	TiO2 - STANDARD	
	1720.1	150.0	150.0	199.6	199.9	150.1	75.0	26.4	26.8	944573.8	19.995	1721.681	21	TiO2 - STANDARD	
	1724.1	150.1	150.1	199.5	199.9	150.1	75.0	26.5	26.8	944576.8	20.007	1724.681	21	TiO2 - STANDARD	
	1726.1	150.0	150.1	199.5	200.0	150.1	75.0	26.5	26.8	944579.8	20.010	1727.680	21	TiO2 - STANDARD	
	1730.1	150.0	150.0	199.5	199.9	150.1	75.0	26.5	26.8	944582.8	20.001	1730.679	21	TiO2 - STANDARD	
	1732.1	150.0	150.1	199.5	199.8	150.1	75.0	26.5	26.8	944585.8	20.016	1733.681	21	TiO2 - STANDARD	
	1736.1	150.0	150.1	199.5	199.8	150.1	75.0	26.4	26.8	944588.8	19.959	1736.680	21	TiO2 - STANDARD	
	1738.1	150.0	150.0	199.6	199.9	150.1	75.0	26.4	26.8	944591.8	20.001	1739.680	21	TiO2 - STANDARD	
	1742.1	150.0	150.1	199.5	199.9	150.0	75.0	26.4	26.8	944594.8	19.998	1742.679	21	TiO2 - STANDARD	
	1744.1	150.1	150.1	199.5	199.9	150.0	74.9	26.4	26.8	944597.8	20.004	1745.679	21	TiO2 - STANDARD	
	1748.1	150.0	150.1	199.5	199.9	150.1	75.0	26.4	26.8	944600.8	20.004	1748.681	21	TiO2 - STANDARD	
	1750.1	150.1	150.1	199.5	199.9	150.1	75.0	26.5	26.8	944603.8	19.998	1751.679	21	TiO2 - STANDARD	
	1754.1	150.0	150.1	199.5	200.0	150.1	75.0	26.4	26.8	944606.8	20.001	1754.681	21	TiO2 - STANDARD	
	1756.1	150.0	150.0	199.5	200.0	150.1	75.0	26.4	26.8	944609.8	20.013	1757.683	21	TiO2 - STANDARD	
	1760.1	150.0	150.1	199.5	200.0	150.1	75.0	26.4	26.9	944612.8	20.007	1760.681	21	TiO2 - STANDARD	
	1762.1	150.0	150.1	199.6	200.0	150.1	75.0	26.5	26.8	944615.8	20.007	1763.680	20	TiO2 - STANDARD	
	1766.1	150.0	150.1	199.6	200.0	150.0	75.0	26.5	26.8	944618.8	20.044	1766.680	20	TiO2 - STANDARD	
	1768.1	150.0	150.1	199.6	200.0	150.0	75.0	26.5	26.8	944621.8	20.029	1769.681	20	TiO2 - STANDARD	
	1772.1	150.1	150.1	199.6	200.0	150.1	75.0	26.5	26.8	944624.8	20.004	1772.681	20	TiO2 - STANDARD	
	1774.1	150.0	150.0	199.6	200.0	150.0	75.0	26.5	26.8	944627.8	20.007	1775.680	20	TiO2 - STANDARD	
	1778.1	150.0	150.0	199.8	200.0	150.0	75.0	26.5	26.8	944630.8	20.007	1778.681	20	TiO2 - STANDARD	
	1780.1	150.0	150.1	199.9	200.0	150.1	75.0	26.5	26.8	944633.8	20.004	1781.682	20	TiO2 - STANDARD	
	1784.1	150.0	150.0	200.1	199.9	150.0	75.0	26.4	26.8	944636.8	20.004	1784.680	20	TiO2 - STANDARD	
	1786.1	150.0	150.1	200.0	199.9	150.0	75.0	26.5	26.8	944639.8	20.001	1787.682	20	TiO2 - STANDARD	
	1790.1	150.0	150.0	200.1	199.9	150.0	75.0	26.5	26.8	944642.8	19.998	1790.679	20	TiO2 - STANDARD	
	1792.1	150.0	150.1	200.0	199.9	150.1	75.0	26.5	26.8	944645.8	20.013	1793.681	20	TiO2 - STANDARD	
	1796.1	150.1	150.1	199.8	200.0	150.1	75.0	26.5	26.9	944648.8	20.004	1796.681	20	TiO2 - STANDARD	
	1798.1	150.0	150.1	199.7	199.9	150.0	75.0	26.5	26.8	944651.8	20.004	1799.682	20	TiO2 - STANDARD	
	1802.1	150.0	150.1	199.6	200.0	150.0	75.0	26.5	26.8	944654.8	20.001	1802.680	20	TiO2 - STANDARD	
	1804.1	150.1	150.0	199.5	200.0	150.0	75.0	26.5	26.9	944657.8	20.001	1805.680	20	TiO2 - STANDARD	
	1808.1	150.0	150.1	199.5	200.0	150.1	75.0	26.5	26.9	944660.8	20.010	1808.681	20	TiO2 - STANDARD	
	1810.1	150.0	150.1	199.5	200.1	150.1	75.0	26.4	26.9	944663.8	20.001	1811.679	19	TiO2 - STANDARD	
	1814.1	150.0	150.0	199.6	200.1	150.1	75.0	26.5	26.9	944666.8	19.998	1814.680	19	TiO2 - STANDARD	
	1816.1	150.0	150.0	199.5	200.0	150.1	75.0	26.5	26.9	944669.8	20.013	1817.682	19	TiO2 - STANDARD	
	1820.1	150.0	150.1	199.5	200.1	150.1	75.0	26.5	26.9	944672.8	20.004	1820.680	19	TiO2 - STANDARD	
	1822.1	150.1	150.1	199.4	200.0	150.1	75.0	26.5	26.9	944675.8	20.004	1823.679	19	TiO2 - STANDARD	
	1826.1	150.1	150.1	199.4	200.1	150.1	75.0	26.5	26.9	944678.8	20.004	1826.681	19	TiO2 - STANDARD	
	1828.1	150.1	150.1	199.3	200.0	150.1	75.0	26.5	26.9	944681.8	19.998	1829.679	19	TiO2 - STANDARD	
	1832.1	150.0	150.1	199.3	200.1	150.0	75.0	26.5	26.9	944684.8	20.004	1832.681	19	TiO2 - STANDARD	
	1834.1	150.0	150.0	199.4	200.1	150.1	75.0	26.5	26.9	944687.8	20.004	1835.679	19	TiO2 - STANDARD	
	1838.1	150.0	150.1	199.6	200.1	150.0	75.0	26.5	26.9	944690.8	20.001	1838.680	19	TiO2 - STANDARD	
	1840.1	150.0	150.0	199.6	200.1	150.0	75.0	26.5	26.9	944693.8	20.001	1841.681	19	TiO2 - STANDARD	
	1844.1	150.0	150.1	199.5	200.1	150.0	75.0	26.5	26.9	944696.8	20.007	1844.679	19	TiO2 - STANDARD	
	1846.1	150.0	150.1	199.6	200.1	150.1	75.0	26.5	26.9	944699.8	20.010	1847.680	19	TiO2 - STANDARD	
	1850.1	150.0	150.0	199.5	200.1	150.1	75.0	26.5	26.9	944702.8	20.004	1850.681	19	TiO2 - STANDARD	
	1852.1	150.1	150.1	199.5	200.0	150.1	75.0	26.5	26.9	944705.8	20.004	1853.681	19	TiO2 - STANDARD	
	1856.1	150.0	150.1	199.8	200.1	150.1	75.0	26.5	26.9	944708.8	20.001	1856.681	19	TiO2 - STANDARD	
	1858.1	150.0	150.0	199.9	200.0	150.0	75.0	26.5	26.9	944711.8	19.998	1859.680	19	TiO2 - STANDARD	
	1862.1	150.0	150.1	200.0	200.0	150.1	75.0	26.5	26.9	944714.8	20.001	1862.710	18	TiO2 - STANDARD	
	1864.1	150.0	150.0	200.0	200.0	150.1	75.0	26.5	26.9	944717.8	20.007	1865.682	18	TiO2 - STANDARD	
	1868.1	150.0	150.1	199.9	200.0	150.1	74.9	26.5	26.9	944720.8	20.001	1868.680	18	TiO2 - STANDARD	
	1870.1	150.0	150.1	199.8	200.0	150.1	75.0	26.5	26.9	944723.8	20.004	1871.680	18	TiO2 - STANDARD	
	1874.1	150.0	150.0	199.6	200.0	150.0	74.9	26.5	26.9	944726.8	20.007	1874.681	18	TiO2 - STANDARD	
	1876.1	150.0	150.1	199.6	200.0	150.0	75.0	26.5	26.9	944729.8	20.007	1877.679	18	TiO2 - STANDARD	
	1880.1	150.0	150.1	199.6	200.1	150.1	75.0	26.5	26.9	944732.8	20.001	1880.680	18	TiO2 - STANDARD	
	1882.1	150.0	150.0	199.6	200.1	150.0	75.0	26.5	26.9	944735.8	20.010	1883.679	18	TiO2 - STANDARD	
	1886.1	150.0	150.0	199.5	200.1	150.0	75.0	26.5	26.9	944738.8	20.013	1886.680	18	TiO2 - STANDARD	
	1888.1	150.0	150.0	199.7	200.1	150.1	75.0	26.5	26.9	944741.8	19.977	1889.680	18	TiO2 - STANDARD	
	1892.1	150.0	150.0	199.8	200.1	150.1	75.0	26.5	26.9	944744.8	20.001	1892.679	18	TiO2 - STANDARD	
	1894.1	150.0	150.1	199.9	200.1	150.1	75.0	26.5	26.9	944747.8	20.004	1895.678	18	TiO2 - STANDARD	
	1898.1	150.0	150.0	200.0	200.1	150.1	75.0	26.5	26.9	944750.8	19.998	1898.680	18	TiO2 - STANDARD	
	1900.1	150.0	150.0	199.9	200.1	150.1	75.0	26.5	26.9	944753.8	20.001	1901.680	18	TiO2 - STANDARD	
	1904.1	150.0	150.0	200.0	200.0	150.1	75.0	26.5	26.9	944756.8	19.998	1904.681	18	TiO2 - STANDARD	
	1906.1	150.0	150.0	200.0	200.1	150.1	75.0	26.5	26.9	944759.8	20.023	1907.682	18	TiO2 - STANDARD	
	1910.1	150.0	150.1	200.0	200.0	150.0	75.0	26.5	26.9	944762.8	20.001	1910.679	18	TiO2 - STANDARD	
	1912.1	150.0	150.0	199.9	200.1	150.1	75.0	26.5	26.8	944765.8	19.998	1913.680	17	TiO2 - STANDARD	
	1916.1	150.0	150.0	200.0	200.1	150.1	75.0	26.5	26.9	944768.8	20.004	1916.682	17	TiO2 - STANDARD	
	1918.1	150.1	150.0	200.0	200.1	150.1	75.0	26.5	26.9	944771.8	19.971	1919.679	17	TiO2 - STANDARD	
	1922.1	150.0	150.0	200.0	200.1	150.1	75.0	26.5	26.9	944774.8	20.004	1922.681	17	TiO2 - STANDARD	
	1924.1	150.1	150.1	200.0	200.2	150.1	75.0	26.5	26.9	944777.8	19.998	1925.681	17	TiO2 - STANDARD	
	1928.1	150.0	150.0	199.9	200.1	150.0	75.0	26.5	26.9	944780.8	20.001	1928.681	17	TiO2 - STANDARD	
	1930.1	150.0	150.1	199.9	200.1	150.1	75.0	26.5	26.9	944783.8	20.010	1931.681	17	TiO2 - STANDARD	
	1934.1	150.0	150.0	199.9	200.1	150.1	75.0	26.5	26.9	944786.8	20.004	1934.681	17	TiO2 - STANDARD	
	1936.1	150.0	150.1	199.9	200.1	150.0	75.0	26.5	26.9	944789.8	20.001	1937.680	17	TiO2 - STANDARD	
	1940.1	150.0	150.0	199.9	200.1	150.1	75.0	26.5	26.9	944792.8	19.995	1940.681	17	TiO2 - STANDARD	
	1942.1	150.1	150.0	199.9	200.1	150.0	75.0	26.5	26.9	944795.8	20.001	1943.681	17	TiO2 - STANDARD	
	1946.1	150.0	150.1	200.1	200.0	150.1	75.0	26.5	26.9	944798.8	20.004	1946.681	17	TiO2 - STANDARD	
	1948.1	150.0	150.1	200.1	200.0	150.1	75.0	26.5	26.9	944801.8	20.007	1949.681	17	TiO2 - STANDARD	
	1952.1	150.0	150.0	200.2	200.1	150.1	75.0	26.5	26.9	944804.8	20.004	1952.681	17	TiO2 - STANDARD	
	1954.1	150.0	150.0	200.3	200.1	150.1	75.0	26.5	26.9	944807.8	20.013	1955.682	17	TiO2 - STANDARD	
	1958.1	150.0	150.0	200.2	200.1	150.1	75.0	26.5	26.9	944810.8	20.010	1958.682	17	TiO2 - STANDARD	
	1960.1	150.0	150.0	200.2	200.1	150.1	75.0	26.5	26.9	944813.8	20.001	1961.681	17	TiO2 - STANDARD	
	1964.1	150.0	150.0	200.1	200.1	150.1	75.0	26.5	26.9	944816.8	20.044	1964.681	16	TiO2 - STANDARD	
	1966.1	150.0	150.0	200.1	200.0	150.1	75.0	26.5	26.9	944819.8	20.023	1967.680	16	TiO2 - STANDARD	
	1970.1	150.0	150.1	200.1	200.0	150.1	75.0	26.5	26.9	944822.8	20.013	1970.680	16	TiO2 - STANDARD	
	1972.1	150.1	150.0	200.1	200.0	150.0	75.0	26.5	26.9	944825.8	20.001	1973.680	16	TiO2 - STANDARD	
	1976.1	150.0	150.0	200.2	200.1	150.1	75.0	26.6	26.9	944828.8	20.010	1976.679	16	TiO2 - STANDARD	
	1978.1	150.0	150.1	200.3	200.0	150.1	75.0	26.5	26.9	944831.8	20.004	1979.682	16	TiO2 - STANDARD	
	1982.1	150.0	150.0	200.1	200.1	150.1	75.0	26.5	26.9	944834.8	20.013	1982.681	16	TiO2 - STANDARD	
	1984.1	150.0	150.0	200.0	200.0	150.1	75.0	26.5	26.9	944837.8	20.004	1985.681	16	TiO2 - STANDARD	
	1988.1	150.0	150.0	199.9	200.1	150.1	75.0	26.5	26.9	944840.8	20.001	1988.680	16	TiO2 - STANDARD	
	1990.1	150.0	150.0	200.0	200.1	150.1	75.0	26.5	26.9	944843.8	20.004	1991.680	16	TiO2 - STANDARD	
	1994.1	150.0	150.1	200.0	200.0	150.1	75.0	26.5	27.0	944846.8	20.001	1994.681	16	TiO2 - STANDARD	
	1996.1	150.0	150.0	200.0	200.0	150.1	75.0	26.5	26.9	944849.8	20.001	1997.682	16	TiO2 - STANDARD	
	2000.1	150.0	150.0	200.0	200.0	150.1	75.0	26.6	26.9	944852.8	19.998	2000.681	16	TiO2 - STANDARD	
	2002.1	150.1	150.1	199.9	200.0	150.0	75.0	26.5	26.9	944855.8	20.010	2003.680	16	TiO2 - STANDARD	
	2006.1	150.0	150.0	200.1	200.0	150.0	75.0	26.5	26.9	944858.8	20.001	2006.681	16	TiO2 - STANDARD	
	2008.1	150.0	150.0	200.2	200.0	150.1	75.0	26.6	26.9	944861.8	20.004	2009.681	16	TiO2 - STANDARD	
	2012.1	150.0	150.0	200.2	200.0	150.1	75.0	26.6	26.9	944864.8	20.001	2012.682	16	TiO2 - STANDARD	
	2014.1	150.0	150.0	200.1	200.0	150.1	75.0	26.5	26.9	944867.8	19.998	2015.681	15	TiO2 - STANDARD	
	2018.1	150.0	150.0	200.1	200.0	150.1	75.0	26.5	26.9	944870.8	20.001	2018.680	15	TiO2 - STANDARD	
	2020.1	150.0	150.0	200.2	200.0	150.0	75.0	26.6	26.9	944873.8	20.004	2021.681	15	TiO2 - STANDARD	
	2024.1	150.0	150.0	200.3	200.0	150.1	75.0	26.6	26.9	944876.8	20.007	2024.681	15	TiO2 - STANDARD	
	2026.1	150.0	150.1	200.3	200.0	150.1	75.0	26.5	26.9	944879.8	20.010	2027.680	15	TiO2 - STANDARD	
	2030.1	150.0	150.0	200.5	200.0	150.1	75.0	26.5	26.9	944882.8	20.007	2030.681	15	TiO2 - STANDARD	
	2032.1	150.0	150.0	200.5	200.0	150.0	75.0	26.5	26.9	944885.8	20.004	2033.682	15	TiO2 - STANDARD	
	2036.1	150.0	150.0	200.5	200.0	150.1	75.0	26.5	27.0	944888.8	20.007	2036.682	15	TiO2 - STANDARD	
	2038.1	150.0	150.0	200.4	200.0	150.1	75.0	26.5	26.9	944891.8	20.001	2039.679	15	TiO2 - STANDARD	
	2042.1	150.0	150.0	200.5	200.0	150.1	75.0	26.5	27.0	944894.8	20.004	2042.680	15	TiO2 - STANDARD	
	2044.1	150.0	150.1	200.5	199.9	150.1	75.0	26.6	27.0	944897.8	20.001	2045.681	15	TiO2 - STANDARD	
	2048.1	150.0	150.0	200.7	200.0	150.1	75.0	26.6	27.0	944900.8	20.004	2048.680	15	TiO2 - STANDARD	
	2050.1	150.0	150.0	200.8	200.0	150.1	75.0	26.6	27.0	944903.8	20.004	2051.682	15	TiO2 - STANDARD	
	2054.1	150.0	150.0	200.8	199.9	150.1	75.0	26.5	27.0	944906.8	20.010	2054.679	15	TiO2 - STANDARD	
	2056.1	150.0	150.0	200.9	200.0	150.1	75.0	26.6	26.9	944909.8	19.998	2057.679	15	TiO2 - STANDARD	
	2060.1	150.0	150.0	201.0	199.9	150.1	75.0	26.5	27.0	944912.8	20.010	2060.681	15	TiO2 - STANDARD	
	2062.1	150.0	150.0	201.1	200.0	150.1	75.0	26.5	27.0	944915.8	20.001	2063.681	15	TiO2 - STANDARD	
	2066.1	150.0	150.0	201.3	200.0	150.1	75.0	26.6	26.9	944918.8	20.010	2066.681	14	TiO2 - STANDARD	
	2068.1	150.0	150.0	201.3	200.0	150.1	75.0	26.6	26.9	944921.8	19.998	2069.680	14	TiO2 - STANDARD	
	2072.1	150.0	150.0	201.3	199.9	150.1	75.0	26.6	27.0	944924.8	20.044	2072.680	14	TiO2 - STANDARD	
	2074.1	150.0	150.0	201.2	199.9	150.0	75.0	26.5	27.0	944927.8	20.007	2075.680	14	TiO2 - STANDARD	
	2078.1	150.0	150.0	201.1	200.0	150.1	75.0	26.6	27.0	944930.8	20.001	2078.680	14	TiO2 - STANDARD	
	2080.1	150.0	150.0	201.1	200.0	150.1	75.0	26.6	27.0	944933.8	20.001	2081.680	14	TiO2 - STANDARD	
	2084.1	149.9	150.0	200.8	200.0	150.1	75.0	26.6	27.0	944936.8	20.010	2084.681	14	TiO2 - STANDARD	
	2086.1	150.0	150.0	200.8	200.0	150.1	75.0	26.6	26.9	944939.8	20.050	2087.679	14	TiO2 - STANDARD	
	2090.1	150.0	150.0	200.6	199.9	150.0	75.0	26.6	27.0	944942.8	20.007	2090.680	14	TiO2 - STANDARD	
	2092.1	150.1	150.0	200.5	200.0	150.0	75.0	26.6	27.0	944945.8	20.001	2093.682	14	TiO2 - STANDARD	
	2096.1	150.0	150.0	200.6	200.0	150.1	75.0	26.5	27.0	944948.8	20.007	2096.680	14	TiO2 - STANDARD	
	2098.1	150.0	150.0	200.5	200.0	150.1	75.0	26.6	27.0	944951.8	20.001	2099.682	14	TiO2 - STANDARD	
	2102.1	150.0	150.0	200.5	200.0	150.0	75.0	26.6	27.0	944954.8	20.007	2102.682	14	TiO2 - STANDARD	
	2104.1	150.0	150.0	200.5	200.0	150.1	75.0	26.6	27.0	944957.8	20.007	2105.681	14	TiO2 - STANDARD	
	2108.1	150.0	150.0	200.3	200.0	150.1	75.0	26.6	27.0	944960.8	19.998	2108.680	14	TiO2 - STANDARD	
	2110.1	150.0	150.0	200.2	200.0	150.1	75.0	26.6	27.0	944963.8	20.004	2111.680	14	TiO2 - STANDARD	
	2114.1	150.0	150.0	200.1	199.9	150.1	75.0	26.6	27.0	944966.8	19.962	2114.683	14	TiO2 - STANDARD	
	2116.1	150.0	150.1	200.0	199.9	150.0	75.1	26.6	27.0	944969.8	20.007	2117.680	13	TiO2 - STANDARD	
	2120.1	150.0	150.0	199.8	199.9	150.0	75.0	26.6	27.0	944972.8	20.004	2120.682	13	TiO2 - STANDARD	
	2122.1	150.0	150.0	199.7	199.9	150.0	75.0	26.6	27.0	944975.8	20.007	2123.682	13	TiO2 - STANDARD	
	2126.1	149.9	150.1	199.6	200.0	150.1	75.0	26.6	27.0	944978.8	20.007	2126.680	13	TiO2 - STANDARD	
	2128.1	150.0	150.0	199.5	199.9	150.0	75.0	26.6	27.0	944981.8	19.998	2129.681	13	TiO2 - STANDARD	
	2132.1	150.0	150.1	199.6	199.9	150.0	75.0	26.6	27.0	944984.8	20.010	2132.680	13	TiO2 - STANDARD	
	2134.1	150.1	150.0	199.6	199.9	150.1	75.0	26.6	27.0	944987.8	20.007	2135.679	13	TiO2 - STANDARD	
	2138.1	150.0	150.0	199.8	200.0	150.0	75.0	26.6	27.0	944990.8	20.013	2138.680	13	TiO2 - STANDARD	
	2140.1	150.0	150.0	199.8	199.9	150.0	75.0	26.6	27.0	944993.8	19.998	2141.682	13	TiO2 - STANDARD	
	2144.1	150.0	150.0	199.7	200.0	150.0	75.0	26.6	27.0	944996.8	20.004	2144.680	13	TiO2 - STANDARD	
	2146.1	150.0	150.0	199.7	199.9	150.0	75.0	26.6	27.0	944999.8	20.001	2147.682	13	TiO2 - STANDARD	
	2150.1	150.0	150.0	199.7	200.0	150.0	75.0	26.6	27.0	945002.8	20.007	2150.681	13	TiO2 - STANDARD	
	2152.1	150.0	150.0	199.6	200.0	150.1	75.0	26.6	27.0	945005.8	20.001	2153.681	13	TiO2 - STANDARD	
	2156.1	150.0	150.0	199.6	199.9	150.0	75.0	26.6	27.0	945008.8	20.004	2156.682	13	TiO2 - STANDARD	
	2158.1	149.9	150.1	199.6	200.0	150.1	75.0	26.6	27.0	945011.8	20.001	2159.682	13	TiO2 - STANDARD	
	2162.1	150.0	150.0	199.4	199.9	150.1	75.0	26.6	27.0	945014.8	19.995	2162.680	13	TiO2 - STANDARD	
	2164.1	150.0	150.0	199.5	200.0	150.0	75.0	26.6	27.0	945017.8	20.001	2165.681	13	TiO2 - STANDARD	
	2168.1	150.0	150.0	199.4	199.9	150.0	75.0	26.6	27.0	945020.8	20.007	2168.682	12	TiO2 - STANDARD	
	2170.1	150.0	150.1	199.4	199.9	150.0	75.0	26.6	27.0	945023.8	19.998	2171.681	12	TiO2 - STANDARD	
	2174.1	150.0	150.0	199.4	200.0	150.0	75.0	26.6	27.0	945026.8	19.977	2174.680	12	TiO2 - STANDARD	
	2176.1	150.0	150.0	199.3	200.0	150.1	75.0	26.6	27.0	945029.8	20.010	2177.682	12	TiO2 - STANDARD	
	2180.1	150.0	150.0	199.3	199.9	150.0	75.0	26.6	27.0	945032.8	20.004	2180.680	12	TiO2 - STANDARD	
	2182.1	150.0	150.0	199.3	199.9	150.1	75.0	26.6	27.0	945035.8	20.004	2183.679	12	TiO2 - STANDARD	
	2186.1	150.0	150.0	199.4	200.0	150.1	75.0	26.6	27.0	945038.8	19.955	2186.680	12	TiO2 - STANDARD	
	2188.1	150.0	150.0	199.5	200.0	150.1	75.0	26.6	27.0	945041.8	20.016	2189.679	12	TiO2 - STANDARD	
	2192.1	150.0	150.0	199.8	200.0	150.0	75.0	26.6	27.0	945044.8	20.001	2192.680	12	TiO2 - STANDARD	
	2194.1	149.9	150.0	199.8	199.9	150.1	75.0	26.6	27.0	945047.8	20.004	2195.681	12	TiO2 - STANDARD	
	2198.1	150.0	150.0	200.0	200.0	150.0	75.0	26.6	27.0	945050.8	19.998	2198.680	12	TiO2 - STANDARD	
	2200.1	150.0	150.0	200.1	199.9	150.0	75.0	26.6	27.0	945053.8	19.998	2201.681	12	TiO2 - STANDARD	
	2204.1	150.0	150.0	200.4	199.9	150.0	75.0	26.6	27.0	945056.8	20.004	2204.681	12	TiO2 - STANDARD	
	2206.1	150.0	150.0	200.4	199.9	150.1	75.0	26.6	27.0	945059.8	19.998	2207.681	12	TiO2 - STANDARD	
	2210.1	150.0	150.0	200.6	200.0	150.0	75.0	26.6	27.0	945062.8	20.001	2210.681	12	TiO2 - STANDARD	
	2212.1	149.9	150.0	200.7	199.9	150.0	75.0	26.6	27.0	945065.8	20.007	2213.681	12	TiO2 - STANDARD	
	2216.1	150.0	150.0	200.7	200.0	150.0	75.0	26.6	27.0	945068.8	20.004	2216.681	12	TiO2 - STANDARD	
	2218.1	150.0	150.0	200.6	200.0	150.0	75.0	26.6	27.0	945071.8	20.007	2219.680	11	TiO2 - STANDARD	
	2222.1	149.9	150.0	200.5	200.0	150.1	75.0	26.6	27.0	945074.8	20.010	2222.680	11	TiO2 - STANDARD	
	2224.1	150.0	150.0	200.4	200.0	150.0	75.0	26.6	27.0	945077.8	20.004	2225.679	11	TiO2 - STANDARD	
	2228.1	150.0	150.0	200.3	200.0	150.0	75.0	26.6	27.0	945080.8	20.013	2228.680	11	TiO2 - STANDARD	
	2230.1	150.0	150.1	200.3	200.0	150.1	75.0	26.6	27.0	945083.8	20.001	2231.682	11	TiO2 - STANDARD	
	2234.1	150.0	150.0	200.4	200.0	150.0	75.0	26.6	27.0	945086.8	20.004	2234.680	11	TiO2 - STANDARD	
	2236.1	150.0	150.0	200.3	200.0	150.0	75.0	26.6	27.0	945089.8	20.004	2237.679	11	TiO2 - STANDARD	
	2240.1	150.0	150.0	200.3	200.0	150.0	75.0	26.6	27.0	945092.8	20.004	2240.682	11	TiO2 - STANDARD	
	2242.1	150.0	150.0	200.2	200.0	150.0	75.0	26.6	27.0	945095.8	19.971	2243.681	11	TiO2 - STANDARD	
	2246.1	150.0	150.1	200.2	200.0	150.0	75.0	26.6	27.0	945098.8	20.010	2246.679	11	TiO2 - STANDARD	
	2248.1	150.0	150.0	200.2	200.1	150.0	75.0	26.6	27.0	945101.8	20.004	2249.682	11	TiO2 - STANDARD	
	2252.1	150.0	150.0	200.2	200.1	150.0	75.0	26.6	27.0	945104.8	20.001	2252.680	11	TiO2 - STANDARD	
	2254.1	150.0	150.1	200.3	200.0	150.1	75.0	26.6	27.0	945107.8	20.004	2255.680	11	TiO2 - STANDARD	
	2258.1	150.0	150.0	200.2	200.1	150.1	75.0	26.6	27.0	945110.8	20.007	2258.681	11	TiO2 - STANDARD	
	2260.1	150.0	150.0	200.2	200.0	150.1	75.0	26.6	27.0	945113.8	20.007	2261.681	11	TiO2 - STANDARD	
	2264.1	150.0	150.0	200.0	200.1	150.1	75.0	26.6	27.0	945116.8	20.007	2264.681	11	TiO2 - STANDARD	
	2266.1	150.0	150.0	200.0	200.1	150.1	75.0	26.6	27.0	945119.8	20.007	2267.680	11	TiO2 - STANDARD	
	2270.1	150.0	150.0	199.9	200.1	150.1	75.0	26.6	27.0	945122.8	20.001	2270.682	10	TiO2 - STANDARD	
	2272.1	150.0	150.0	200.1	200.1	150.1	75.0	26.6	27.0	945125.8	20.050	2273.682	10	TiO2 - STANDARD	
	2276.1	150.0	150.0	200.3	200.0	150.0	75.0	26.6	27.0	945128.8	20.001	2276.682	10	TiO2 - STANDARD	
	2278.1	150.0	150.0	200.3	200.1	150.1	75.0	26.6	27.0	945131.8	19.998	2279.680	10	TiO2 - STANDARD	
	2282.1	149.9	150.0	200.3	200.0	150.0	75.0	26.6	27.0	945134.8	19.971	2282.682	10	TiO2 - STANDARD	
	2284.1	150.0	150.0	200.4	200.0	150.0	75.0	26.6	27.0	945137.8	19.998	2285.681	10	TiO2 - STANDARD	
	2288.1	150.0	150.1	200.4	200.0	150.0	75.0	26.6	27.0	945140.8	20.004	2288.679	10	TiO2 - STANDARD	
	2290.1	150.0	150.0	200.5	200.0	150.0	75.0	26.6	27.0	945143.8	20.007	2291.681	10	TiO2 - STANDARD	
	2294.1	149.9	150.0	200.3	199.9	150.1	75.0	26.6	27.0	945146.8	19.965	2294.681	10	TiO2 - STANDARD	
	2296.1	150.0	150.0	200.4	200.0	150.0	75.0	26.6	27.0	945149.8	20.004	2297.681	10	TiO2 - STANDARD	
	2300.1	150.0	150.0	200.4	199.9	150.1	75.0	26.6	27.0	945152.8	20.013	2300.680	10	TiO2 - STANDARD	
	2302.1	150.0	150.0	200.5	200.0	150.0	75.0	26.6	27.0	945155.8	19.995	2303.680	10	TiO2 - STANDARD	
	2306.1	150.0	150.0	200.6	200.0	150.0	75.0	26.6	27.0	945158.8	20.007	2306.680	10	TiO2 - STANDARD	
	2308.1	150.0	150.0	200.6	199.9	150.0	75.0	26.6	27.1	945161.8	20.004	2309.680	10	TiO2 - STANDARD	
	2312.1	150.0	150.1	200.4	199.9	150.0	75.0	26.6	27.1	945164.8	20.004	2312.679	10	TiO2 - STANDARD	
	2314.1	150.0	150.0	200.3	200.1	150.1	75.0	26.6	27.1	945167.8	20.001	2315.680	10	TiO2 - STANDARD	
	2318.1	150.0	150.0	200.1	200.0	150.0	75.0	26.7	27.1	945170.8	20.001	2318.681	10	TiO2 - STANDARD	
	2320.1	150.0	150.0	200.0	200.0	150.1	75.0	26.6	27.1	945173.8	20.004	2321.681	9	TiO2 - STANDARD	
	2324.1	150.0	150.0	200.0	200.1	150.1	75.0	26.6	27.0	945176.8	20.001	2324.679	9	TiO2 - STANDARD	
	2326.1	150.0	150.0	199.9	200.1	150.0	75.0	26.6	27.0	945179.8	20.001	2327.678	9	TiO2 - STANDARD	
	2330.1	150.0	150.0	199.8	200.1	150.0	75.0	26.7	27.1	945182.8	20.010	2330.680	9	TiO2 - STANDARD	
	2332.1	150.0	150.0	199.7	200.1	150.0	75.0	26.6	27.1	945185.8	19.971	2333.681	9	TiO2 - STANDARD	
	2336.1	150.0	150.0	199.6	200.1	150.0	75.0	26.6	27.0	945188.8	20.004	2336.679	9	TiO2 - STANDARD	
	2338.1	150.0	150.0	199.8	200.0	150.0	75.0	26.6	27.1	945191.8	20.001	2339.679	9	TiO2 - STANDARD	
	2342.1	149.9	150.0	199.8	200.0	150.0	75.0	26.6	27.1	945194.8	20.010	2342.680	9	TiO2 - STANDARD	
	2344.1	150.0	150.0	199.8	200.0	150.0	75.0	26.6	27.0	945197.8	20.016	2345.680	9	TiO2 - STANDARD	
	2348.1	150.0	150.0	199.7	200.0	150.0	75.0	26.6	27.1	945200.8	20.004	2348.679	9	TiO2 - STANDARD	
	2350.1	150.0	150.0	199.6	200.1	150.0	75.0	26.6	27.1	945203.8	20.001	2351.681	9	TiO2 - STANDARD	
	2354.1	150.0	150.0	199.5	200.0	150.1	75.0	26.6	27.0	945206.8	20.007	2354.681	9	TiO2 - STANDARD	
	2356.1	150.0	150.0	199.5	200.0	150.0	75.0	26.7	27.1	945209.8	20.004	2357.680	9	TiO2 - STANDARD	
	2360.1	150.0	150.0	199.6	200.0	150.1	75.0	26.6	27.0	945212.8	20.007	2360.681	9	TiO2 - STANDARD	
	2362.1	150.0	150.0	199.6	200.0	150.0	75.0	26.6	27.1	945215.8	20.007	2363.681	9	TiO2 - STANDARD	
	2366.1	150.0	150.0	199.7	200.0	150.1	75.0	26.7	27.1	945218.8	19.974	2366.682	9	TiO2 - STANDARD	
	2368.1	150.0	150.0	199.8	200.0	150.0	75.0	26.7	27.0	945221.8	20.010	2369.680	8	TiO2 - STANDARD	
	2372.1	150.0	150.0	199.9	200.0	150.0	75.0	26.7	27.1	945224.8	20.004	2372.682	8	TiO2 - STANDARD	
	2374.1	150.0	150.0	199.9	199.9	150.0	75.0	26.7	27.1	945227.8	20.004	2375.680	8	TiO2 - STANDARD	
	2378.1	150.0	150.0	200.1	200.0	150.0	75.0	26.7	27.1	945230.8	19.995	2378.680	8	TiO2 - STANDARD	
	2380.1	150.0	150.1	200.1	199.9	150.0	75.0	26.7	27.1	945233.8	20.004	2381.679	8	TiO2 - STANDARD	
	2384.1	150.0	150.0	200.0	200.0	150.0	75.0	26.7	27.1	945236.8	20.007	2384.679	8	TiO2 - STANDARD	
	2386.1	150.0	150.0	200.0	200.0	150.0	75.0	26.7	27.1	945239.8	20.013	2387.679	8	TiO2 - STANDARD	
	2390.1	150.0	150.1	200.0	199.9	150.0	75.0	26.7	27.1	945242.8	19.971	2390.679	8	TiO2 - STANDARD	
	2392.1	150.0	150.0	200.0	200.0	150.0	75.0	26.7	27.1	945245.8	20.007	2393.683	8	TiO2 - STANDARD	
	2396.1	149.9	150.1	199.8	199.9	150.0	75.0	26.7	27.1	945248.8	19.992	2396.681	8	TiO2 - STANDARD	
	2398.1	150.0	150.0	199.8	199.9	150.1	75.0	26.7	27.1	945251.8	20.007	2399.680	8	TiO2 - STANDARD	
	2402.1	150.0	150.0	200.0	199.9	150.0	75.0	26.7	27.1	945254.8	20.010	2402.681	8	TiO2 - STANDARD	
	2404.1	150.0	150.0	200.0	200.0	150.0	75.0	26.7	27.1	945257.8	20.004	2405.680	8	TiO2 - STANDARD	
	2408.1	150.0	150.0	200.0	199.9	150.0	75.0	26.7	27.1	945260.8	20.004	2408.681	8	TiO2 - STANDARD	
	2410.1	150.0	150.1	199.9	200.0	150.0	75.0	26.7	27.1	945263.8	20.004	2411.681	8	TiO2 - STANDARD	
	2414.1	149.9	150.0	199.9	199.9	150.0	75.0	26.7	27.1	945266.8	20.004	2414.682	8	TiO2 - STANDARD	
	2416.1	150.0	150.0	200.0	199.9	150.0	75.0	26.7	27.1	945269.8	20.010	2417.681	8	TiO2 - STANDARD	
	2420.1	150.0	150.0	200.0	199.8	150.0	75.0	26.7	27.1	945272.8	20.010	2420.678	7	TiO2 - STANDARD	
	2422.1	150.0	150.0	200.1	199.9	150.0	75.0	26.7	27.1	945275.8	20.010	2423.681	7	TiO2 - STANDARD	
	2426.1	150.0	150.0	200.1	199.8	150.0	75.0	26.7	27.1	945278.8	20.010	2426.680	7	TiO2 - STANDARD	
	2428.1	150.0	150.1	200.2	199.9	150.1	75.0	26.7	27.1	945281.8	20.001	2429.682	7	TiO2 - STANDARD	
	2432.1	150.0	150.0	200.1	199.9	150.0	75.0	26.7	27.1	945284.8	20.001	2432.681	7	TiO2 - STANDARD	
	2434.1	150.0	150.1	200.0	199.9	150.0	75.0	26.7	27.1	945287.8	20.041	2435.680	7	TiO2 - STANDARD	
	2438.1	149.9	150.0	199.9	200.0	150.0	75.0	26.7	27.1	945290.8	20.010	2438.682	7	TiO2 - STANDARD	
	2440.1	149.9	150.0	199.7	200.0	150.0	75.0	26.7	27.1	945293.8	19.968	2441.680	7	TiO2 - STANDARD	
	2444.1	150.0	150.0	199.6	200.0	150.0	75.0	26.7	27.1	945296.8	19.992	2444.682	7	TiO2 - STANDARD	
	2446.1	150.0	150.1	199.5	200.0	150.0	75.0	26.7	27.1	945299.8	20.035	2447.681	7	TiO2 - STANDARD	
	2450.1	150.0	150.0	199.6	200.0	150.0	75.0	26.7	27.1	945302.8	19.992	2450.680	7	TiO2 - STANDARD	
	2452.1	150.0	150.0	199.6	200.0	150.0	75.0	26.7	27.1	945305.8	19.980	2453.682	7	TiO2 - STANDARD	
	2456.1	150.0	150.0	199.8	200.0	150.1	75.0	26.7	27.1	945308.8	20.001	2456.680	7	TiO2 - STANDARD	
	2458.1	150.0	150.0	199.8	200.1	150.0	75.0	26.7	27.1	945311.8	20.001	2459.681	7	TiO2 - STANDARD	
	2462.1	150.0	150.0	199.6	200.1	150.1	75.0	26.6	27.1	945314.8	20.044	2462.681	7	TiO2 - STANDARD	
	2464.1	150.0	150.0	199.5	200.0	150.0	75.0	26.6	27.1	945317.8	20.013	2465.681	7	TiO2 - STANDARD	
	2468.1	150.0	150.0	199.2	200.0	150.0	75.0	26.7	27.1	945320.8	19.992	2468.679	7	TiO2 - STANDARD	
	2470.1	150.0	150.0	199.2	200.0	150.0	75.0	26.7	27.1	945323.8	20.007	2471.681	6	TiO2 - STANDARD	
	2474.1	150.0	150.0	199.1	200.1	150.1	75.0	26.7	27.1	945326.8	20.010	2474.682	6	TiO2 - STANDARD	
	2476.1	150.0	150.0	199.1	200.1	150.0	75.0	26.7	27.1	945329.8	20.010	2477.681	6	TiO2 - STANDARD	
	2480.1	150.0	150.0	199.1	200.1	150.0	75.0	26.7	27.1	945332.8	20.004	2480.681	6	TiO2 - STANDARD	
	2482.1	149.9	150.0	199.2	200.1	150.1	75.0	26.7	27.1	945335.8	20.001	2483.682	6	TiO2 - STANDARD	
	2486.1	150.0	150.0	199.3	200.1	150.0	75.0	26.7	27.1	945338.8	20.010	2486.681	6	TiO2 - STANDARD	
	2488.1	150.0	150.0	199.3	200.1	150.0	75.0	26.7	27.1	945341.8	20.001	2489.682	6	TiO2 - STANDARD	
	2492.1	150.0	150.1	199.4	200.1	150.0	75.0	26.7	27.1	945344.8	20.001	2492.682	6	TiO2 - STANDARD	
	2494.1	150.0	150.0	199.3	200.1	150.0	75.0	26.7	27.1	945347.8	20.004	2495.682	6	TiO2 - STANDARD	
	2498.1	150.0	150.0	199.3	200.1	150.0	75.0	26.7	27.1	945350.8	20.044	2498.679	6	TiO2 - STANDARD	
	2500.1	150.0	150.0	199.4	200.1	150.0	75.0	26.7	27.1	945353.8	20.010	2501.680	6	TiO2 - STANDARD	
	2504.1	150.0	150.0	199.3	200.1	150.0	75.0	26.7	27.1	945356.8	20.004	2504.679	6	TiO2 - STANDARD	
	2506.1	150.0	150.1	199.4	200.1	150.0	75.0	26.7	27.1	945359.8	20.001	2507.679	6	TiO2 - STANDARD	
	2510.1	150.0	150.1	199.6	200.1	150.0	75.0	26.7	27.1	945362.8	20.029	2510.680	6	TiO2 - STANDARD	
	2512.1	149.9	150.0	199.7	200.1	150.0	75.0	26.7	27.1	945365.8	20.004	2513.680	6	TiO2 - STANDARD	
	2516.1	150.0	150.1	199.9	200.1	150.0	75.0	26.7	27.1	945368.8	20.001	2516.681	6	TiO2 - STANDARD	
	2518.1	150.0	150.0	200.0	200.1	150.0	75.0	26.7	27.1	945371.8	20.007	2519.679	6	TiO2 - STANDARD	
	2522.1	150.0	150.0	200.0	200.1	150.0	75.0	26.7	27.1	945374.8	20.007	2522.681	5	TiO2 - STANDARD	
	2524.1	150.0	150.0	200.0	200.1	150.0	75.0	26.7	27.1	945377.8	19.992	2525.681	5	TiO2 - STANDARD	
	2528.1	149.9	150.1	200.1	200.0	150.0	75.0	26.7	27.1	945380.8	20.007	2528.682	5	TiO2 - STANDARD	
	2530.1	150.0	150.0	200.2	200.0	150.0	75.0	26.7	27.2	945383.8	20.044	2531.679	5	TiO2 - STANDARD	
	2534.1	150.0	150.1	199.9	200.0	150.0	75.0	26.7	27.1	945386.8	20.004	2534.679	5	TiO2 - STANDARD	
	2536.1	150.0	150.0	199.6	200.0	150.0	75.0	26.7	27.2	945389.8	20.001	2537.682	5	TiO2 - STANDARD	
	2540.1	150.0	150.0	199.2	199.9	150.0	75.0	26.7	27.1	945392.8	19.995	2540.679	5	TiO2 - STANDARD	
	2542.1	149.9	150.0	198.9	199.9	150.0	75.0	26.7	27.1	945395.8	19.983	2543.680	5	TiO2 - STANDARD	
	2546.1	150.0	150.1	198.5	199.7	150.0	75.0	26.7	27.2	945398.8	20.004	2546.682	5	TiO2 - STANDARD	
	2548.1	150.0	150.0	198.2	199.7	149.9	75.0	26.7	27.1	945401.8	20.004	2549.680	5	TiO2 - STANDARD	
	2552.1	150.0	150.1	197.7	199.6	149.9	75.0	26.7	27.2	945404.8	20.004	2552.681	5	TiO2 - STANDARD	
	2554.1	150.0	150.0	197.4	199.4	150.0	75.0	26.7	27.1	945407.8	20.013	2555.681	5	TiO2 - STANDARD	
	2558.1	150.0	150.1	197.1	199.3	150.0	75.0	26.7	27.1	945410.8	20.129	2558.680	5	TiO2 - STANDARD	
	2560.1	150.0	150.0	197.0	199.2	150.0	75.0	26.7	27.2	945413.8	20.001	2561.682	5	TiO2 - STANDARD	
	2564.1	150.0	150.1	196.9	199.2	150.0	75.0	26.7	27.2	945416.8	20.004	2564.679	5	TiO2 - STANDARD	
	2566.1	150.0	150.0	196.8	199.1	150.0	75.0	26.7	27.2	945419.8	19.998	2567.679	5	TiO2 - STANDARD	
	2570.1	150.0	150.0	196.7	199.2	150.0	75.0	26.7	27.1	945422.8	20.016	2570.681	5	TiO2 - STANDARD	
	2572.1	150.0	150.0	196.5	199.2	150.0	75.0	26.7	27.2	945425.8	19.974	2573.681	4	TiO2 - STANDARD	
	2576.1	150.0	150.0	196.3	199.3	150.0	75.0	26.7	27.2	945428.8	20.007	2576.681	4	TiO2 - STANDARD	
	2578.1	150.0	150.0	196.3	199.4	150.0	75.0	26.8	27.1	945431.8	19.998	2579.681	4	TiO2 - STANDARD	
	2582.1	149.9	150.0	196.3	199.4	150.1	75.0	26.7	27.2	945434.8	20.001	2582.682	4	TiO2 - STANDARD	
	2584.1	150.0	150.0	196.3	199.5	150.0	75.0	26.7	27.2	945437.8	20.007	2585.682	4	TiO2 - STANDARD	
	2588.1	150.0	150.0	196.4	199.5	150.0	75.0	26.7	27.1	945440.8	20.010	2588.681	4	TiO2 - STANDARD	
	2590.1	150.0	150.1	196.5	199.7	150.1	75.0	26.7	27.2	945443.8	19.992	2591.680	4	TiO2 - STANDARD	
	2594.1	149.9	150.1	196.7	199.7	150.0	75.0	26.7	27.2	945446.8	19.998	2594.683	4	TiO2 - STANDARD	
	2596.1	150.0	150.1	196.7	199.7	150.0	75.0	26.7	27.2	945449.8	20.004	2597.682	4	TiO2 - STANDARD	
	2600.1	150.0	150.0	196.5	199.7	150.0	75.0	26.7	27.2	945452.8	20.007	2600.679	4	TiO2 - STANDARD	
	2602.1	150.0	150.0	196.5	199.7	150.0	75.0	26.8	27.2	945455.8	20.001	2603.680	4	TiO2 - STANDARD	
	2606.1	150.0	150.0	196.4	199.8	150.0	75.0	26.7	27.2	945458.8	19.998	2606.679	4	TiO2 - STANDARD	
	2608.1	150.0	150.0	196.3	199.8	150.0	75.0	26.7	27.2	945461.8	20.010	2609.682	4	TiO2 - STANDARD	
	2612.1	150.0	150.0	196.4	199.9	150.0	75.0	26.8	27.2	945464.8	20.001	2612.681	4	TiO2 - STANDARD	
	2614.1	150.0	150.0	196.3	199.9	150.1	75.0	26.7	27.2	945467.8	20.004	2615.680	4	TiO2 - STANDARD	
	2618.1	150.0	150.0	196.6	199.9	150.0	75.0	26.8	27.2	945470.8	20.001	2618.680	4	TiO2 - STANDARD	
	2620.1	150.0	150.0	196.7	199.9	150.0	75.0	26.7	27.2	945473.8	20.013	2621.680	4	TiO2 - STANDARD	
	2624.1	150.0	150.0	197.1	199.9	150.0	75.0	26.7	27.2	945476.8	20.007	2624.682	3	TiO2 - STANDARD	
	2626.1	150.0	150.0	197.3	199.9	150.0	75.0	26.8	27.2	945479.8	20.004	2627.682	3	TiO2 - STANDARD	
	2630.1	150.0	150.0	197.7	199.9	150.0	75.0	26.8	27.2	945482.8	20.004	2630.680	3	TiO2 - STANDARD	
	2632.1	150.0	150.0	198.0	200.0	150.0	75.0	26.7	27.2	945485.8	19.998	2633.681	3	TiO2 - STANDARD	
	2636.1	150.0	150.0	198.6	200.0	150.1	75.0	26.8	27.2	945488.8	20.007	2636.679	3	TiO2 - STANDARD	
	2638.1	150.0	150.0	198.9	200.1	150.0	75.0	26.7	27.2	945491.8	20.007	2639.681	3	TiO2 - STANDARD	
	2642.1	150.0	150.0	199.5	200.1	150.0	75.0	26.7	27.2	945494.8	20.004	2642.680	3	TiO2 - STANDARD	
	2644.1	150.0	150.0	199.8	200.0	150.1	75.0	26.7	27.2	945497.8	20.001	2645.680	3	TiO2 - STANDARD	
	2648.1	150.0	150.0	200.3	200.2	150.1	75.0	26.7	27.2	945500.8	19.998	2648.682	3	TiO2 - STANDARD	
	2650.1	150.0	150.0	200.5	200.2	150.0	75.0	26.7	27.2	945503.8	20.007	2651.679	3	TiO2 - STANDARD	
	2654.1	150.0	150.0	200.9	200.2	150.0	75.0	26.8	27.2	945506.8	20.001	2654.680	3	TiO2 - STANDARD	
	2656.1	150.0	150.0	201.1	200.2	150.1	75.0	26.7	27.1	945509.8	20.007	2657.680	3	TiO2 - STANDARD	
	2660.1	150.0	150.1	201.5	200.2	150.0	75.0	26.8	27.2	945512.8	20.007	2660.681	3	TiO2 - STANDARD	
	2662.1	150.0	150.0	201.7	200.2	150.0	75.0	26.7	27.2	945515.8	19.995	2663.681	3	TiO2 - STANDARD	
	2666.1	150.0	150.1	201.8	200.2	150.0	75.0	26.8	27.2	945518.8	19.998	2666.679	3	TiO2 - STANDARD	
	2668.1	150.0	150.0	201.9	200.2	150.0	75.0	26.8	27.2	945521.8	20.001	2669.679	3	TiO2 - STANDARD	
	2672.1	150.0	150.0	202.0	200.3	150.0	75.0	26.8	27.2	945524.8	20.001	2672.681	3	TiO2 - STANDARD	
	2674.1	150.1	150.1	202.1	200.3	150.0	75.0	26.8	27.2	945527.8	19.989	2675.681	2	TiO2 - STANDARD	
	2678.1	150.0	150.0	202.2	200.3	150.0	75.0	26.8	27.2	945530.8	20.007	2678.682	2	TiO2 - STANDARD	
	2680.1	150.0	150.1	202.3	200.3	150.0	75.0	26.7	27.2	945533.8	20.004	2681.680	2	TiO2 - STANDARD	
	2684.1	150.0	150.1	202.2	200.2	150.0	75.0	26.8	27.2	945536.8	20.004	2684.681	2	TiO2 - STANDARD	
	2686.1	150.0	150.0	202.2	200.2	150.0	75.0	26.8	27.2	945539.8	20.007	2687.681	2	TiO2 - STANDARD	
	2690.1	150.0	150.0	202.1	200.2	150.0	75.0	26.8	27.2	945542.8	20.007	2690.680	2	TiO2 - STANDARD	
	2692.1	150.0	150.0	202.0	200.1	150.0	75.0	26.7	27.2	945545.8	20.001	2693.680	2	TiO2 - STANDARD	
	2696.1	150.0	150.0	201.7	200.2	150.0	75.0	26.8	27.2	945548.8	20.007	2696.682	2	TiO2 - STANDARD	
	2698.1	150.0	150.1	201.5	200.1	150.0	75.0	26.8	27.2	945551.8	20.001	2699.679	2	TiO2 - STANDARD	
	2702.1	150.0	150.0	201.1	200.1	150.0	75.0	26.8	27.2	945554.8	19.974	2702.680	2	TiO2 - STANDARD	
	2704.1	150.1	150.0	200.9	200.1	150.0	75.0	26.7	27.2	945557.8	20.010	2705.681	2	TiO2 - STANDARD	
	2708.1	150.0	150.0	200.7	200.1	150.0	75.0	26.8	27.2	945560.8	19.998	2708.680	2	TiO2 - STANDARD	
	2710.1	150.0	150.0	200.7	200.1	150.0	75.0	26.8	27.2	945563.8	20.010	2711.679	2	TiO2 - STANDARD	
	2714.1	150.0	150.0	200.8	200.1	150.0	75.0	26.8	27.2	945566.8	20.007	2714.682	2	TiO2 - STANDARD	
	2716.1	150.0	150.0	200.8	200.1	150.0	75.0	26.8	27.2	945569.8	20.004	2717.682	2	TiO2 - STANDARD	
	2720.1	150.0	150.0	201.0	200.1	150.0	75.0	26.8	27.2	945572.8	19.998	2720.681	2	TiO2 - STANDARD	
	2722.1	150.1	150.0	200.9	200.1	150.0	75.0	26.8	27.2	945575.8	20.010	2723.681	2	TiO2 - STANDARD	
	2726.1	150.0	150.0	201.1	200.1	149.9	75.0	26.8	27.2	945578.8	20.001	2726.680	1	TiO2 - STANDARD	
	2728.1	150.0	150.0	201.1	200.1	150.0	75.0	26.7	27.2	945581.8	20.007	2729.679	1	TiO2 - STANDARD	
	2732.1	150.0	150.0	200.9	200.2	149.9	75.0	26.7	27.2	945584.8	20.001	2732.680	1	TiO2 - STANDARD	
	2734.1	150.0	150.1	200.9	200.2	150.0	75.0	26.8	27.2	945587.8	20.010	2735.679	1	TiO2 - STANDARD	
	2738.1	150.0	150.1	200.8	200.1	150.0	75.0	26.8	27.2	945590.8	20.004	2738.682	1	TiO2 - STANDARD	
	2740.1	150.0	150.0	200.8	200.1	149.9	75.0	26.8	27.2	945593.8	19.998	2741.680	1	TiO2 - STANDARD	
	2744.1	150.0	150.0	200.7	200.1	149.9	75.0	26.8	27.2	945596.8	19.998	2744.681	1	TiO2 - STANDARD	
	2746.1	150.0	150.0	200.8	200.2	150.0	75.0	26.8	27.2	945599.8	20.007	2747.681	1	TiO2 - STANDARD	
	2750.1	150.0	150.0	200.8	200.2	149.9	75.0	26.8	27.2	945602.8	20.001	2750.681	1	TiO2 - STANDARD	
	2752.1	150.0	150.0	200.8	200.2	149.9	75.0	26.8	27.2	945605.8	19.998	2753.680	1	TiO2 - STANDARD	
	2756.1	150.0	150.0	200.9	200.2	149.9	75.0	26.8	27.2	945608.8	19.995	2756.681	1	TiO2 - STANDARD	
	2758.1	150.0	150.0	200.9	200.2	149.9	75.0	26.8	27.2	945611.8	20.013	2759.680	1	TiO2 - STANDARD	
	2762.1	150.0	150.0	200.7	200.2	150.0	75.0	26.8	27.2	945614.8	20.016	2762.679	1	TiO2 - STANDARD	
	2764.1	150.0	150.0	200.8	200.2	149.9	75.0	26.8	27.2	945617.8	20.004	2765.680	1	TiO2 - STANDARD	
	2768.1	150.0	150.0	200.7	200.2	150.0	75.0	26.8	27.2	945620.8	20.010	2768.681	1	TiO2 - STANDARD	
	2770.1	150.0	150.1	200.6	200.2	150.0	75.0	26.8	27.2	945623.8	20.007	2771.682	1	TiO2 - STANDARD	
	2774.1	150.0	150.1	200.4	200.2	150.0	75.0	26.8	27.2	945626.8	20.001	2774.681	1	TiO2 - STANDARD	
