	Heater Time	Heater 6 	Heater 7	Heater 8	Heater 9	Heater 10	Heater 11	Heater 12	Heater 13	Heater 14	Heater 15	Heater 16	Heater 17	Program Time	MFC 1	MFC Time	Cycles Remaining	Recipe	Loop
	 0.0	149.9	150.4	199.9	197.9	150.3	45.9	25.8	26.2	974570.8	19.925	 0.542	39	Al2O3 - STANDARD	
	 1.9	149.9	150.3	200.0	198.1	150.2	45.9	25.8	26.2	974573.8	20.001	 3.543	39	Al2O3 - STANDARD	
	 5.9	149.8	150.4	200.2	198.4	150.2	45.9	25.8	26.2	974576.8	19.998	 6.542	39	Al2O3 - STANDARD	
	 7.9	149.9	150.4	200.3	198.5	150.2	45.9	25.8	26.2	974579.8	19.995	 9.541	39	Al2O3 - STANDARD	
	11.9	149.9	150.4	200.5	198.7	150.2	45.8	25.8	26.2	974582.8	20.010	12.543	39	Al2O3 - STANDARD	
	13.9	149.9	150.4	200.5	198.8	150.2	45.8	25.8	26.2	974585.8	20.004	15.543	39	Al2O3 - STANDARD	
	17.9	149.9	150.4	200.6	199.0	150.2	45.8	25.8	26.2	974588.8	19.998	18.543	39	Al2O3 - STANDARD	
	19.9	149.9	150.4	200.7	199.1	150.2	45.8	25.8	26.2	974591.8	20.004	21.543	39	Al2O3 - STANDARD	
	23.9	149.8	150.4	200.9	199.3	150.2	45.7	25.8	26.2	974594.8	19.998	24.544	39	Al2O3 - STANDARD	
	25.9	149.9	150.5	201.0	199.4	150.2	45.7	25.8	26.2	974597.8	20.004	27.544	39	Al2O3 - STANDARD	
	29.9	149.9	150.4	201.1	199.4	150.2	45.7	25.8	26.2	974600.8	20.001	30.543	39	Al2O3 - STANDARD	
	31.9	149.8	150.4	201.2	199.6	150.2	45.7	25.8	26.2	974603.8	19.986	33.543	39	Al2O3 - STANDARD	
	35.9	149.8	150.5	201.3	199.7	150.2	45.6	25.8	26.2	974606.8	20.010	36.542	39	Al2O3 - STANDARD	
	37.9	149.8	150.5	201.4	199.7	150.2	45.6	25.8	26.2	974609.8	20.013	39.541	39	Al2O3 - STANDARD	
	41.9	149.9	150.5	201.7	199.7	150.2	45.6	25.8	26.2	974612.8	20.016	42.543	39	Al2O3 - STANDARD	
	43.9	149.9	150.5	201.9	199.8	150.1	45.6	25.8	26.2	974615.8	20.001	45.543	39	Al2O3 - STANDARD	
	47.9	149.9	150.5	202.0	199.9	150.1	45.5	25.8	26.2	974618.8	20.047	48.541	39	Al2O3 - STANDARD	
	49.9	149.8	150.5	201.9	199.9	150.1	45.5	25.9	26.2	974621.8	20.001	51.543	39	Al2O3 - STANDARD	
	53.9	149.9	150.5	201.9	200.0	150.2	45.5	25.8	26.2	974624.8	20.001	54.544	39	Al2O3 - STANDARD	
	55.9	149.9	150.5	201.9	200.0	150.2	45.4	25.8	26.2	974627.8	20.001	57.542	39	Al2O3 - STANDARD	
	59.9	149.9	150.5	202.1	200.1	150.1	45.4	25.9	26.2	974630.8	20.010	60.545	39	Al2O3 - STANDARD	
	61.9	149.9	150.4	202.1	200.1	150.1	45.4	25.8	26.2	974633.8	19.965	63.542	39	Al2O3 - STANDARD	
	65.9	149.9	150.5	202.1	200.2	150.1	45.4	25.8	26.2	974636.8	19.998	66.541	39	Al2O3 - STANDARD	
	67.9	149.8	150.5	202.0	200.3	150.1	45.3	25.8	26.2	974639.8	20.010	69.543	39	Al2O3 - STANDARD	
	71.9	149.8	150.5	201.8	200.4	150.1	45.3	25.8	26.2	974642.8	19.989	72.543	39	Al2O3 - STANDARD	
	73.9	149.9	150.5	201.7	200.3	150.1	45.3	25.8	26.2	974645.8	20.041	75.544	39	Al2O3 - STANDARD	
	77.9	149.8	150.5	201.7	200.5	150.1	45.3	25.8	26.2	974648.8	20.001	78.543	39	Al2O3 - STANDARD	
	79.9	149.9	150.5	201.7	200.5	150.1	45.3	25.8	26.2	974651.8	20.004	81.542	39	Al2O3 - STANDARD	
	83.9	149.9	150.5	201.8	200.5	150.1	45.2	25.9	26.2	974654.8	20.004	84.543	39	Al2O3 - STANDARD	
	85.9	149.9	150.5	201.9	200.6	150.1	45.2	25.8	26.2	974657.8	20.004	87.543	39	Al2O3 - STANDARD	
	89.9	149.9	150.5	201.9	200.6	150.1	45.2	25.8	26.2	974660.8	20.007	90.542	39	Al2O3 - STANDARD	
	91.9	149.9	150.5	202.0	200.7	150.1	45.1	25.8	26.2	974663.8	20.004	93.542	39	Al2O3 - STANDARD	
	95.9	149.9	150.5	202.0	200.7	150.1	45.1	25.8	26.2	974666.8	20.004	96.542	39	Al2O3 - STANDARD	
	97.9	149.9	150.4	202.0	200.7	150.1	45.1	25.8	26.2	974669.8	19.998	99.543	39	Al2O3 - STANDARD	
	101.9	149.9	150.5	201.9	200.8	150.1	45.1	25.9	26.2	974672.8	19.998	102.544	39	Al2O3 - STANDARD	
	103.9	149.9	150.5	201.7	200.8	150.1	45.0	25.9	26.2	974675.8	19.995	105.544	39	Al2O3 - STANDARD	
	107.9	149.9	150.5	201.6	200.9	150.1	45.0	25.9	26.2	974678.8	20.004	108.543	39	Al2O3 - STANDARD	
	109.9	149.9	150.4	201.5	200.9	150.1	45.0	25.9	26.2	974681.8	20.038	111.543	39	Al2O3 - STANDARD	
	113.9	149.9	150.5	201.5	200.9	150.1	45.0	25.8	26.2	974684.8	19.995	114.544	39	Al2O3 - STANDARD	
	115.9	149.9	150.4	201.4	201.0	150.1	44.9	25.8	26.2	974687.8	20.004	117.543	39	Al2O3 - STANDARD	
	119.9	149.9	150.4	201.2	201.0	150.1	44.9	25.9	26.2	974690.8	20.004	120.543	39	Al2O3 - STANDARD	
	121.9	149.9	150.4	201.1	201.0	150.1	44.9	25.9	26.2	974693.8	20.010	123.544	39	Al2O3 - STANDARD	
	125.9	149.9	150.5	200.9	201.0	150.0	44.9	25.9	26.2	974696.8	20.004	126.542	39	Al2O3 - STANDARD	
	127.9	149.9	150.4	200.8	200.9	150.1	44.8	25.9	26.2	974699.8	20.007	129.542	39	Al2O3 - STANDARD	
	131.9	149.9	150.5	200.6	201.0	150.1	44.8	25.8	26.2	974702.8	20.010	132.543	39	Al2O3 - STANDARD	
	133.9	149.9	150.4	200.7	200.9	150.1	44.8	25.8	26.3	974705.8	20.007	135.543	39	Al2O3 - STANDARD	
	137.9	149.9	150.4	200.8	201.0	150.1	44.8	25.9	26.2	974708.8	20.007	138.543	39	Al2O3 - STANDARD	
	139.9	149.9	150.5	200.8	201.1	150.1	44.8	25.9	26.2	974711.8	20.004	141.543	39	Al2O3 - STANDARD	
	143.9	149.9	150.4	200.9	201.0	150.1	44.7	25.9	26.2	974714.8	20.001	144.543	39	Al2O3 - STANDARD	
	145.9	149.9	150.4	201.0	201.1	150.0	44.7	25.9	26.3	974717.8	19.998	147.543	39	Al2O3 - STANDARD	
	149.9	149.9	150.4	201.1	201.1	150.0	44.7	25.9	26.3	974720.8	20.010	150.544	39	Al2O3 - STANDARD	
	151.9	149.9	150.4	201.0	201.1	150.0	44.6	25.9	26.2	974723.8	20.010	153.542	39	Al2O3 - STANDARD	
	155.9	149.9	150.4	200.9	201.2	150.1	44.6	25.8	26.2	974726.8	20.010	156.543	39	Al2O3 - STANDARD	
	157.9	149.8	150.4	200.8	201.1	150.0	44.6	25.9	26.3	974729.8	20.004	159.542	39	Al2O3 - STANDARD	
	161.9	149.9	150.4	200.9	201.1	150.1	44.6	25.9	26.3	974732.8	20.004	162.542	39	Al2O3 - STANDARD	
	163.9	149.9	150.4	200.9	201.2	150.1	44.6	25.9	26.3	974735.8	20.007	165.544	39	Al2O3 - STANDARD	
	167.9	149.8	150.4	201.0	201.2	150.0	44.5	25.9	26.3	974738.8	20.010	168.543	39	Al2O3 - STANDARD	
	169.9	149.9	150.4	200.9	201.2	150.1	44.5	25.9	26.3	974741.8	19.995	171.543	39	Al2O3 - STANDARD	
	173.9	149.9	150.4	201.0	201.3	150.1	44.5	25.9	26.3	974744.8	20.007	174.543	39	Al2O3 - STANDARD	
	175.9	149.9	150.4	201.0	201.3	150.0	44.4	25.9	26.3	974747.8	20.001	177.542	39	Al2O3 - STANDARD	
	179.9	149.8	150.4	201.1	201.2	150.1	44.4	25.9	26.3	974750.8	20.004	180.544	39	Al2O3 - STANDARD	
	181.9	149.9	150.4	201.2	201.2	150.1	44.4	25.9	26.3	974753.8	20.004	183.543	39	Al2O3 - STANDARD	
	185.9	149.9	150.4	201.2	201.2	150.0	44.4	25.9	26.3	974756.8	19.998	186.542	39	Al2O3 - STANDARD	
	187.9	149.9	150.4	201.3	201.2	150.1	44.3	25.9	26.3	974759.8	19.959	189.543	39	Al2O3 - STANDARD	
	191.9	149.8	150.3	201.4	201.3	150.1	44.3	25.8	26.3	974762.8	20.001	192.543	39	Al2O3 - STANDARD	
	193.9	149.9	150.4	201.3	201.2	150.0	44.3	25.9	26.3	974765.8	20.004	195.544	39	Al2O3 - STANDARD	
	197.9	149.9	150.4	201.2	201.2	150.1	44.3	25.9	26.3	974768.8	20.007	198.542	39	Al2O3 - STANDARD	
	199.9	149.8	150.4	201.1	201.2	150.1	44.3	25.9	26.3	974771.8	19.977	201.542	39	Al2O3 - STANDARD	
	203.9	149.9	150.4	201.2	201.2	150.1	44.3	25.9	26.3	974774.8	20.013	204.542	39	Al2O3 - STANDARD	
	205.9	149.9	150.4	201.3	201.3	150.1	44.2	25.9	26.3	974777.8	20.001	207.541	39	Al2O3 - STANDARD	
	209.9	149.9	150.4	201.3	201.3	150.0	44.2	25.9	26.3	974780.8	20.013	210.542	39	Al2O3 - STANDARD	
	211.9	149.9	150.4	201.4	201.4	150.2	44.2	25.9	26.3	974783.8	19.992	213.541	39	Al2O3 - STANDARD	
	215.9	149.9	150.3	201.3	201.3	150.1	44.1	25.9	26.3	974786.8	20.004	216.541	39	Al2O3 - STANDARD	
	217.9	149.8	150.4	201.2	201.3	150.1	44.1	25.9	26.3	974789.8	20.004	219.543	39	Al2O3 - STANDARD	
	221.9	149.9	150.4	201.3	201.3	150.1	44.1	25.9	26.3	974792.8	20.010	222.543	39	Al2O3 - STANDARD	
	223.9	149.9	150.3	201.3	201.4	150.1	44.1	25.9	26.3	974795.8	20.004	225.542	39	Al2O3 - STANDARD	
	227.9	149.9	150.3	201.4	201.3	150.1	44.1	25.9	26.3	974798.8	20.001	228.543	39	Al2O3 - STANDARD	
	229.9	149.9	150.3	201.4	201.3	150.1	44.0	25.9	26.3	974801.8	20.001	231.542	39	Al2O3 - STANDARD	
	233.9	149.9	150.4	201.3	201.3	150.0	44.0	25.9	26.3	974804.8	20.004	234.543	39	Al2O3 - STANDARD	
	235.9	149.9	150.4	201.3	201.2	150.1	44.0	25.9	26.3	974807.8	20.010	237.543	39	Al2O3 - STANDARD	
	239.9	149.9	150.4	201.4	201.2	150.1	44.0	25.9	26.3	974810.8	20.001	240.542	39	Al2O3 - STANDARD	
	241.9	149.9	150.3	201.5	201.2	150.1	43.9	25.9	26.3	974813.8	20.001	243.542	39	Al2O3 - STANDARD	
	245.9	149.9	150.3	201.6	201.2	150.1	43.9	25.9	26.3	974816.8	20.007	246.546	39	Al2O3 - STANDARD	
	247.9	149.9	150.4	201.6	201.2	150.1	43.9	25.9	26.3	974819.8	20.007	249.541	39	Al2O3 - STANDARD	
	251.9	149.9	150.4	201.8	201.1	150.1	43.9	25.9	26.3	974822.8	20.004	252.544	39	Al2O3 - STANDARD	
	253.9	149.9	150.4	201.7	201.0	150.1	43.8	25.9	26.3	974825.8	20.001	255.541	39	Al2O3 - STANDARD	
	257.9	149.9	150.4	201.5	201.1	150.1	43.8	25.9	26.3	974828.8	20.004	258.543	39	Al2O3 - STANDARD	
	259.9	149.9	150.4	201.4	201.0	150.1	43.8	25.9	26.3	974831.8	20.004	261.542	39	Al2O3 - STANDARD	
	263.9	149.9	150.4	201.3	201.1	150.1	43.8	25.9	26.3	974834.8	19.998	264.541	39	Al2O3 - STANDARD	
	265.9	149.9	150.4	201.4	201.1	150.1	43.7	25.9	26.3	974837.8	19.998	267.544	39	Al2O3 - STANDARD	
	269.9	150.0	150.3	201.5	201.1	150.1	43.7	25.9	26.3	974840.8	20.010	270.543	38	Al2O3 - STANDARD	
	271.9	149.9	150.3	201.6	201.1	150.1	43.7	25.9	26.3	974843.8	20.004	273.544	38	Al2O3 - STANDARD	
	275.9	149.9	150.4	201.9	201.1	150.2	43.7	25.9	26.3	974846.8	20.001	276.542	38	Al2O3 - STANDARD	
	277.9	150.0	150.4	202.0	201.1	150.1	43.6	25.9	26.3	974849.8	20.001	279.544	38	Al2O3 - STANDARD	
	281.9	149.9	150.3	202.0	201.1	150.1	43.6	25.9	26.3	974852.8	20.010	282.543	38	Al2O3 - STANDARD	
	283.9	149.9	150.4	202.0	201.1	150.1	43.6	25.9	26.3	974855.8	20.004	285.545	38	Al2O3 - STANDARD	
	287.9	149.9	150.3	202.0	201.0	150.1	43.6	25.9	26.3	974858.8	20.007	288.543	38	Al2O3 - STANDARD	
	289.9	150.0	150.3	201.9	201.1	150.1	43.6	25.9	26.3	974861.8	20.004	291.542	38	Al2O3 - STANDARD	
	293.9	149.9	150.3	201.8	201.0	150.1	43.5	25.9	26.4	974864.8	19.962	294.544	38	Al2O3 - STANDARD	
	295.9	149.9	150.3	201.8	200.9	150.1	43.5	25.9	26.3	974867.8	20.001	297.543	38	Al2O3 - STANDARD	
	299.9	149.9	150.3	201.7	200.9	150.1	43.5	25.9	26.3	974870.8	20.004	300.543	38	Al2O3 - STANDARD	
	301.9	149.9	150.3	201.8	200.9	150.1	43.4	25.9	26.3	974873.8	19.998	303.543	38	Al2O3 - STANDARD	
	305.9	149.9	150.3	201.7	200.9	150.1	43.5	25.9	26.4	974876.8	20.004	306.542	38	Al2O3 - STANDARD	
	307.9	149.9	150.4	201.7	200.9	150.1	43.4	25.9	26.3	974879.8	20.007	309.544	38	Al2O3 - STANDARD	
	311.9	150.0	150.3	201.6	200.9	150.2	43.4	25.9	26.3	974882.8	20.010	312.543	38	Al2O3 - STANDARD	
	313.9	149.9	150.3	201.6	200.9	150.1	43.4	25.9	26.3	974885.8	20.050	315.543	38	Al2O3 - STANDARD	
	317.9	149.9	150.2	201.6	200.9	150.1	43.3	25.9	26.3	974888.8	20.013	318.542	38	Al2O3 - STANDARD	
	319.9	149.9	150.3	201.5	200.9	150.1	43.3	25.9	26.3	974891.8	20.004	321.545	37	Al2O3 - STANDARD	
	323.9	149.9	150.3	201.5	201.0	150.1	43.3	26.0	26.4	974894.8	20.004	324.543	37	Al2O3 - STANDARD	
	325.9	149.9	150.3	201.4	201.0	150.1	43.3	25.9	26.3	974897.8	20.010	327.544	37	Al2O3 - STANDARD	
	329.9	149.9	150.3	201.1	200.9	150.1	43.2	26.0	26.3	974900.8	20.007	330.542	37	Al2O3 - STANDARD	
	331.9	150.0	150.3	201.1	200.9	150.1	43.2	26.0	26.3	974903.8	20.004	333.542	37	Al2O3 - STANDARD	
	335.9	149.9	150.3	200.9	200.8	150.2	43.2	25.9	26.3	974906.8	19.998	336.542	37	Al2O3 - STANDARD	
	337.9	150.0	150.3	200.9	200.8	150.1	43.2	25.9	26.4	974909.8	20.001	339.544	37	Al2O3 - STANDARD	
	341.9	149.9	150.3	200.9	200.8	150.2	43.2	26.0	26.4	974912.8	20.007	342.543	37	Al2O3 - STANDARD	
	343.9	150.0	150.3	200.8	200.8	150.1	43.1	25.9	26.4	974915.8	19.971	345.542	37	Al2O3 - STANDARD	
	347.9	150.0	150.3	200.7	200.8	150.2	43.1	26.0	26.3	974918.8	20.001	348.543	37	Al2O3 - STANDARD	
	349.9	150.0	150.3	200.7	200.8	150.2	43.1	25.9	26.4	974921.8	20.001	351.542	37	Al2O3 - STANDARD	
	353.9	149.9	150.3	200.7	200.8	150.2	43.1	26.0	26.3	974924.8	20.001	354.543	37	Al2O3 - STANDARD	
	355.9	149.9	150.3	200.8	200.8	150.1	43.0	26.0	26.4	974927.8	20.001	357.544	37	Al2O3 - STANDARD	
	359.9	149.9	150.2	201.0	200.7	150.2	43.0	25.9	26.3	974930.8	20.010	360.541	37	Al2O3 - STANDARD	
	361.9	149.9	150.3	201.2	200.7	150.2	43.0	26.0	26.3	974933.8	20.007	363.542	37	Al2O3 - STANDARD	
	365.9	149.9	150.3	201.5	200.7	150.2	43.0	26.0	26.4	974936.8	20.001	366.541	37	Al2O3 - STANDARD	
	367.9	149.9	150.3	201.8	200.7	150.2	43.0	26.0	26.3	974939.8	20.007	369.542	36	Al2O3 - STANDARD	
	371.9	150.0	150.3	202.0	200.7	150.2	42.9	26.0	26.4	974942.8	20.007	372.545	36	Al2O3 - STANDARD	
	373.9	149.9	150.2	202.2	200.7	150.2	42.9	26.0	26.4	974945.8	20.004	375.544	36	Al2O3 - STANDARD	
	377.9	150.0	150.2	202.4	200.7	150.2	42.9	26.0	26.4	974948.8	20.007	378.543	36	Al2O3 - STANDARD	
	379.9	150.0	150.3	202.4	200.7	150.2	42.9	25.9	26.4	974951.8	19.995	381.543	36	Al2O3 - STANDARD	
	383.9	150.0	150.3	202.3	200.6	150.2	42.8	25.9	26.4	974954.8	20.001	384.543	36	Al2O3 - STANDARD	
	385.9	150.0	150.2	202.1	200.7	150.2	42.8	26.0	26.4	974957.8	19.974	387.543	36	Al2O3 - STANDARD	
	389.9	150.0	150.3	202.1	200.6	150.2	42.8	26.0	26.4	974960.8	20.013	390.544	36	Al2O3 - STANDARD	
	391.9	149.9	150.2	201.9	200.6	150.2	42.8	26.0	26.4	974963.8	20.010	393.542	36	Al2O3 - STANDARD	
	395.9	150.0	150.3	201.8	200.5	150.2	42.8	26.0	26.4	974966.8	20.004	396.543	36	Al2O3 - STANDARD	
	397.9	150.0	150.3	201.7	200.5	150.2	42.7	26.0	26.4	974969.8	20.007	399.545	36	Al2O3 - STANDARD	
	401.9	150.0	150.2	201.6	200.5	150.2	42.7	26.0	26.4	974972.8	20.001	402.541	36	Al2O3 - STANDARD	
	403.9	150.0	150.3	201.6	200.5	150.2	42.7	26.0	26.4	974975.8	19.995	405.542	36	Al2O3 - STANDARD	
	407.9	150.0	150.3	201.5	200.5	150.2	42.7	26.0	26.4	974978.8	20.004	408.544	36	Al2O3 - STANDARD	
	409.9	150.0	150.2	201.6	200.5	150.2	42.7	26.0	26.4	974981.8	20.010	411.544	36	Al2O3 - STANDARD	
	413.9	150.0	150.2	201.7	200.5	150.2	42.6	26.0	26.4	974984.8	20.004	414.542	36	Al2O3 - STANDARD	
	415.9	150.0	150.3	201.7	200.4	150.2	42.6	26.0	26.4	974987.8	20.004	417.543	36	Al2O3 - STANDARD	
	419.9	150.0	150.2	201.9	200.5	150.2	42.6	26.0	26.4	974990.8	20.001	420.543	35	Al2O3 - STANDARD	
	421.9	150.0	150.3	201.9	200.5	150.2	42.6	26.0	26.4	974993.8	19.995	423.545	35	Al2O3 - STANDARD	
	425.9	150.0	150.2	201.9	200.5	150.2	42.5	26.0	26.4	974996.8	20.007	426.542	35	Al2O3 - STANDARD	
	427.9	150.0	150.2	202.0	200.5	150.2	42.5	26.0	26.4	974999.8	19.983	429.544	35	Al2O3 - STANDARD	
	431.9	150.0	150.3	202.0	200.4	150.2	42.5	26.0	26.4	975002.8	19.995	432.543	35	Al2O3 - STANDARD	
	433.9	150.0	150.2	202.1	200.4	150.1	42.5	26.0	26.4	975005.8	20.007	435.543	35	Al2O3 - STANDARD	
	437.9	150.1	150.2	202.0	200.4	150.2	42.4	26.0	26.4	975008.8	20.007	438.541	35	Al2O3 - STANDARD	
	439.9	150.0	150.2	202.1	200.4	150.1	42.4	26.0	26.4	975011.8	20.001	441.545	35	Al2O3 - STANDARD	
	443.9	149.9	150.2	202.1	200.4	150.2	42.4	26.0	26.4	975014.8	20.010	444.543	35	Al2O3 - STANDARD	
	445.9	150.0	150.3	202.1	200.4	150.2	42.4	26.0	26.4	975017.8	20.004	447.544	35	Al2O3 - STANDARD	
	449.9	150.0	150.2	201.9	200.3	150.2	42.3	26.0	26.4	975020.8	20.007	450.542	35	Al2O3 - STANDARD	
	451.9	150.0	150.2	201.9	200.4	150.2	42.3	26.0	26.4	975023.8	19.995	453.544	35	Al2O3 - STANDARD	
	455.9	150.0	150.2	201.8	200.3	150.2	42.3	26.0	26.4	975026.8	20.004	456.541	35	Al2O3 - STANDARD	
	457.9	150.0	150.2	201.8	200.3	150.2	42.3	26.0	26.4	975029.8	20.004	459.543	35	Al2O3 - STANDARD	
	461.9	150.0	150.2	201.9	200.3	150.2	42.3	26.0	26.4	975032.8	20.007	462.543	35	Al2O3 - STANDARD	
	463.9	150.0	150.2	201.9	200.3	150.2	42.3	26.0	26.4	975035.8	20.007	465.542	35	Al2O3 - STANDARD	
	467.9	150.0	150.2	201.9	200.3	150.2	42.2	26.0	26.4	975038.8	19.965	468.544	35	Al2O3 - STANDARD	
	469.9	150.0	150.2	201.9	200.3	150.2	42.2	26.0	26.4	975041.8	20.004	471.542	34	Al2O3 - STANDARD	
	473.9	150.0	150.2	201.7	200.2	150.1	42.2	26.0	26.4	975044.8	20.001	474.542	34	Al2O3 - STANDARD	
	475.9	150.0	150.2	201.5	200.2	150.1	42.2	26.0	26.4	975047.8	20.004	477.543	34	Al2O3 - STANDARD	
	479.9	150.0	150.1	201.1	200.2	150.1	42.1	26.0	26.4	975050.8	20.007	480.542	34	Al2O3 - STANDARD	
	481.9	150.0	150.2	201.1	200.3	150.2	42.1	26.0	26.4	975053.8	20.016	483.545	34	Al2O3 - STANDARD	
	485.9	150.0	150.2	201.1	200.2	150.2	42.1	26.0	26.4	975056.8	19.998	486.543	34	Al2O3 - STANDARD	
	487.9	150.0	150.2	201.1	200.2	150.2	42.1	26.0	26.4	975059.8	20.007	489.545	34	Al2O3 - STANDARD	
	491.9	150.0	150.2	201.1	200.2	150.1	42.1	26.0	26.4	975062.8	20.004	492.543	34	Al2O3 - STANDARD	
	493.9	150.0	150.2	201.2	200.2	150.2	42.0	26.0	26.4	975065.8	20.010	495.541	34	Al2O3 - STANDARD	
	497.9	150.0	150.1	201.2	200.1	150.2	42.0	26.0	26.4	975068.8	20.035	498.542	34	Al2O3 - STANDARD	
	499.9	150.0	150.1	201.3	200.1	150.2	42.0	26.0	26.4	975071.8	20.001	501.543	34	Al2O3 - STANDARD	
	503.9	150.0	150.2	201.3	200.2	150.2	42.0	26.0	26.4	975074.8	20.004	504.541	34	Al2O3 - STANDARD	
	505.9	150.0	150.2	201.3	200.1	150.2	42.0	26.0	26.4	975077.8	20.007	507.541	34	Al2O3 - STANDARD	
	509.9	150.0	150.2	201.1	200.1	150.2	42.0	26.0	26.4	975080.8	19.998	510.544	34	Al2O3 - STANDARD	
	511.9	150.0	150.2	200.9	200.0	150.2	41.9	26.0	26.4	975083.8	19.998	513.543	34	Al2O3 - STANDARD	
	515.9	150.0	150.2	200.8	200.1	150.2	41.9	26.0	26.4	975086.8	20.004	516.545	34	Al2O3 - STANDARD	
	517.9	150.0	150.2	200.7	200.1	150.2	41.9	26.1	26.4	975089.8	19.980	519.542	34	Al2O3 - STANDARD	
	521.9	150.0	150.2	200.8	200.0	150.1	41.9	26.0	26.5	975092.8	20.004	522.542	33	Al2O3 - STANDARD	
	523.9	150.0	150.1	200.9	200.1	150.2	41.8	26.0	26.4	975095.8	20.001	525.542	33	Al2O3 - STANDARD	
	527.9	150.0	150.2	201.0	200.0	150.2	41.8	26.0	26.4	975098.8	20.013	528.543	33	Al2O3 - STANDARD	
	529.9	150.0	150.2	201.0	200.0	150.1	41.8	26.0	26.4	975101.8	20.004	531.543	33	Al2O3 - STANDARD	
	533.9	150.0	150.2	201.1	200.0	150.2	41.8	26.0	26.4	975104.8	20.001	534.542	33	Al2O3 - STANDARD	
	535.9	150.0	150.2	201.2	200.1	150.2	41.8	26.0	26.5	975107.8	19.992	537.543	33	Al2O3 - STANDARD	
	539.9	150.0	150.2	201.3	200.1	150.2	41.7	26.0	26.4	975110.8	20.007	540.544	33	Al2O3 - STANDARD	
	541.9	149.9	150.2	201.2	200.0	150.1	41.7	26.0	26.4	975113.8	20.007	543.542	33	Al2O3 - STANDARD	
	545.9	150.0	150.2	201.2	200.1	150.2	41.7	26.0	26.5	975116.8	20.013	546.560	33	Al2O3 - STANDARD	
	547.9	150.0	150.2	201.2	200.0	150.2	41.7	26.0	26.4	975119.8	20.004	549.541	33	Al2O3 - STANDARD	
	551.9	150.0	150.1	201.2	200.0	150.2	41.7	26.0	26.4	975122.8	19.998	552.543	33	Al2O3 - STANDARD	
	553.9	150.0	150.2	201.2	199.9	150.2	41.6	26.0	26.5	975125.8	20.004	555.542	33	Al2O3 - STANDARD	
	557.9	150.0	150.2	201.3	199.9	150.1	41.6	26.0	26.4	975128.8	20.004	558.543	33	Al2O3 - STANDARD	
	559.9	150.0	150.2	201.3	199.9	150.2	41.6	26.0	26.5	975131.8	20.010	561.541	33	Al2O3 - STANDARD	
	563.9	150.0	150.2	201.3	199.9	150.2	41.6	26.0	26.4	975134.8	19.989	564.542	33	Al2O3 - STANDARD	
	565.9	150.0	150.1	201.3	199.9	150.2	41.6	26.1	26.4	975137.8	20.004	567.542	33	Al2O3 - STANDARD	
	569.9	150.0	150.2	201.1	199.8	150.2	41.5	26.1	26.5	975140.8	20.007	570.543	33	Al2O3 - STANDARD	
	571.9	150.0	150.1	200.9	199.9	150.2	41.5	26.1	26.5	975143.8	20.013	573.541	32	Al2O3 - STANDARD	
	575.9	150.0	150.2	200.7	199.8	150.2	41.5	26.1	26.5	975146.8	20.013	576.543	32	Al2O3 - STANDARD	
	577.9	150.0	150.2	200.5	199.8	150.2	41.5	26.1	26.5	975149.8	19.998	579.542	32	Al2O3 - STANDARD	
	581.9	150.0	150.2	200.3	199.8	150.2	41.5	26.1	26.5	975152.8	19.998	582.542	32	Al2O3 - STANDARD	
	583.9	150.0	150.1	200.1	199.9	150.2	41.5	26.1	26.5	975155.8	19.989	585.542	32	Al2O3 - STANDARD	
	587.9	150.0	150.1	200.1	199.9	150.2	41.4	26.1	26.5	975158.8	20.010	588.541	32	Al2O3 - STANDARD	
	589.9	150.0	150.1	200.0	199.8	150.2	41.4	26.1	26.5	975161.8	20.010	591.544	32	Al2O3 - STANDARD	
	593.9	150.0	150.1	200.2	199.8	150.2	41.4	26.0	26.4	975164.8	20.004	594.543	32	Al2O3 - STANDARD	
	595.9	150.0	150.1	200.2	199.8	150.2	41.3	26.1	26.5	975167.8	19.998	597.543	32	Al2O3 - STANDARD	
	599.9	150.0	150.1	200.4	199.9	150.2	41.3	26.1	26.5	975170.8	19.998	600.542	32	Al2O3 - STANDARD	
	601.9	150.0	150.1	200.3	199.8	150.2	41.3	26.1	26.5	975173.8	20.010	603.544	32	Al2O3 - STANDARD	
	605.9	150.0	150.1	200.1	199.8	150.2	41.3	26.1	26.5	975176.8	20.004	606.543	32	Al2O3 - STANDARD	
	607.9	150.0	150.2	200.1	199.8	150.2	41.3	26.1	26.5	975179.8	20.010	609.543	32	Al2O3 - STANDARD	
	611.9	150.0	150.1	199.8	199.8	150.2	41.3	26.1	26.5	975182.8	19.995	612.542	32	Al2O3 - STANDARD	
	613.9	150.0	150.1	199.8	199.8	150.2	41.2	26.1	26.5	975185.8	20.001	615.541	32	Al2O3 - STANDARD	
	617.9	150.0	150.1	199.7	199.8	150.2	41.2	26.1	26.5	975188.8	19.998	618.545	32	Al2O3 - STANDARD	
	619.9	150.0	150.1	199.7	199.7	150.2	41.2	26.1	26.5	975191.8	20.001	621.543	32	Al2O3 - STANDARD	
	623.9	150.0	150.1	199.8	199.8	150.2	41.2	26.1	26.5	975194.8	20.013	624.543	31	Al2O3 - STANDARD	
	625.9	150.0	150.0	199.7	199.7	150.2	41.2	26.1	26.5	975197.8	20.004	627.543	31	Al2O3 - STANDARD	
	629.9	150.0	150.1	199.7	199.7	150.2	41.2	26.1	26.5	975200.8	19.995	630.542	31	Al2O3 - STANDARD	
	631.9	150.0	150.1	199.6	199.8	150.1	41.1	26.1	26.5	975203.8	19.965	633.544	31	Al2O3 - STANDARD	
	635.9	150.0	150.1	199.6	199.8	150.1	41.1	26.1	26.5	975206.8	20.004	636.542	31	Al2O3 - STANDARD	
	637.9	150.0	150.1	199.5	199.7	150.2	41.1	26.1	26.5	975209.8	20.007	639.542	31	Al2O3 - STANDARD	
	641.9	150.0	150.1	199.7	199.8	150.1	41.1	26.1	26.5	975212.8	19.998	642.542	31	Al2O3 - STANDARD	
	643.9	150.0	150.1	199.7	199.9	150.2	41.0	26.1	26.5	975215.8	20.013	645.543	31	Al2O3 - STANDARD	
	647.9	150.0	150.1	199.7	199.8	150.1	41.0	26.1	26.5	975218.8	20.001	648.543	31	Al2O3 - STANDARD	
	649.9	150.0	150.1	199.7	199.8	150.1	41.0	26.1	26.5	975221.8	20.001	651.542	31	Al2O3 - STANDARD	
	653.9	150.0	150.1	199.9	199.9	150.2	41.0	26.1	26.5	975224.8	20.001	654.542	31	Al2O3 - STANDARD	
	655.9	150.0	150.1	200.0	199.9	150.1	41.0	26.1	26.5	975227.8	19.986	657.544	31	Al2O3 - STANDARD	
	659.9	149.9	150.1	200.0	199.9	150.1	40.9	26.1	26.5	975230.8	20.007	660.543	31	Al2O3 - STANDARD	
	661.9	149.9	150.1	199.9	199.9	150.1	40.9	26.1	26.5	975233.8	19.998	663.544	31	Al2O3 - STANDARD	
	665.9	150.0	150.1	199.8	199.9	150.2	40.9	26.1	26.5	975236.8	20.001	666.545	31	Al2O3 - STANDARD	
	667.9	150.0	150.1	199.7	199.9	150.1	40.9	26.1	26.5	975239.8	20.004	669.544	31	Al2O3 - STANDARD	
	671.9	150.0	150.1	199.4	199.9	150.2	40.8	26.1	26.5	975242.8	20.007	672.543	30	Al2O3 - STANDARD	
	673.9	150.0	150.1	199.2	199.9	150.2	40.8	26.1	26.5	975245.8	20.010	675.544	30	Al2O3 - STANDARD	
	677.9	150.0	150.1	199.2	199.8	150.1	40.8	26.1	26.5	975248.8	20.001	678.542	30	Al2O3 - STANDARD	
	679.9	150.0	150.0	199.1	199.9	150.2	40.8	26.1	26.5	975251.8	20.001	681.543	30	Al2O3 - STANDARD	
	683.9	150.0	150.1	199.1	199.9	150.2	40.8	26.1	26.5	975254.8	20.013	684.543	30	Al2O3 - STANDARD	
	685.9	150.0	150.1	199.0	199.8	150.1	40.7	26.1	26.5	975257.8	20.013	687.542	30	Al2O3 - STANDARD	
	689.9	150.0	150.1	198.8	199.8	150.2	40.7	26.1	26.5	975260.8	19.974	690.544	30	Al2O3 - STANDARD	
	691.9	150.0	150.1	198.9	199.8	150.1	40.7	26.1	26.5	975263.8	20.007	693.542	30	Al2O3 - STANDARD	
	695.9	149.9	150.1	198.9	199.8	150.1	40.7	26.1	26.5	975266.8	19.992	696.542	30	Al2O3 - STANDARD	
	697.9	150.0	150.1	198.9	199.8	150.1	40.7	26.1	26.5	975269.8	19.971	699.543	30	Al2O3 - STANDARD	
	701.9	150.0	150.1	198.8	199.8	150.1	40.7	26.1	26.5	975272.8	19.962	702.541	30	Al2O3 - STANDARD	
	703.9	150.0	150.1	198.8	199.9	150.2	40.7	26.1	26.5	975275.8	20.001	705.544	30	Al2O3 - STANDARD	
	707.9	150.0	150.0	198.9	199.9	150.2	40.7	26.1	26.5	975278.8	19.998	708.543	30	Al2O3 - STANDARD	
	709.9	150.0	150.1	198.9	199.8	150.1	40.6	26.1	26.5	975281.8	19.995	711.541	30	Al2O3 - STANDARD	
	713.9	150.0	150.1	199.0	199.8	150.1	40.6	26.1	26.6	975284.8	19.962	714.543	30	Al2O3 - STANDARD	
	715.9	150.0	150.0	199.1	199.9	150.1	40.6	26.1	26.5	975287.8	19.998	717.544	30	Al2O3 - STANDARD	
	719.9	150.0	150.0	199.4	199.8	150.1	40.6	26.1	26.6	975290.8	20.001	720.542	30	Al2O3 - STANDARD	
	721.9	150.0	150.1	199.5	199.8	150.2	40.5	26.2	26.5	975293.8	20.004	723.541	29	Al2O3 - STANDARD	
	725.9	150.0	150.1	199.9	199.9	150.1	40.5	26.1	26.5	975296.8	19.974	726.542	29	Al2O3 - STANDARD	
	727.9	150.0	150.1	200.0	199.9	150.1	40.5	26.1	26.5	975299.8	20.001	729.542	29	Al2O3 - STANDARD	
	731.9	150.0	150.0	200.1	199.9	150.1	40.5	26.1	26.5	975302.8	20.007	732.541	29	Al2O3 - STANDARD	
	733.9	150.0	150.0	200.1	199.8	150.1	40.5	26.1	26.6	975305.8	20.010	735.543	29	Al2O3 - STANDARD	
	737.9	150.0	150.0	199.9	199.8	150.1	40.4	26.1	26.6	975308.8	20.001	738.543	29	Al2O3 - STANDARD	
	739.9	150.0	150.0	199.9	199.8	150.2	40.4	26.1	26.5	975311.8	20.001	741.542	29	Al2O3 - STANDARD	
	743.9	150.0	150.0	199.7	199.8	150.2	40.4	26.1	26.6	975314.8	20.001	744.545	29	Al2O3 - STANDARD	
	745.9	150.0	150.1	199.7	199.8	150.1	40.4	26.1	26.5	975317.8	20.001	747.543	29	Al2O3 - STANDARD	
	749.9	150.0	150.1	199.5	199.8	150.1	40.4	26.1	26.5	975320.8	20.001	750.543	29	Al2O3 - STANDARD	
	751.9	149.9	150.1	199.4	199.9	150.2	40.4	26.1	26.6	975323.8	19.992	753.544	29	Al2O3 - STANDARD	
	755.9	150.0	150.0	199.5	199.9	150.1	40.3	26.1	26.5	975326.8	20.016	756.542	29	Al2O3 - STANDARD	
	757.9	150.0	150.1	199.6	199.9	150.2	40.3	26.1	26.6	975329.8	20.004	759.544	29	Al2O3 - STANDARD	
	761.9	150.0	150.0	200.1	199.9	150.1	40.3	26.2	26.6	975332.8	20.001	762.542	29	Al2O3 - STANDARD	
	763.9	150.0	150.0	200.2	199.9	150.1	40.3	26.2	26.6	975335.8	19.998	765.542	29	Al2O3 - STANDARD	
	767.9	150.1	150.0	200.4	200.0	150.1	40.3	26.1	26.6	975338.8	20.007	768.543	29	Al2O3 - STANDARD	
	769.9	150.0	150.0	200.5	199.9	150.1	40.2	26.2	26.6	975341.8	20.001	771.543	29	Al2O3 - STANDARD	
	773.9	150.0	150.0	200.6	200.0	150.1	40.2	26.1	26.6	975344.8	20.007	774.542	28	Al2O3 - STANDARD	
	775.9	150.0	150.0	200.5	199.9	150.1	40.2	26.2	26.6	975347.8	20.010	777.542	28	Al2O3 - STANDARD	
	779.9	149.9	150.0	200.5	200.0	150.1	40.2	26.2	26.6	975350.8	19.980	780.542	28	Al2O3 - STANDARD	
	781.9	150.0	150.1	200.5	200.0	150.2	40.1	26.2	26.6	975353.8	20.010	783.544	28	Al2O3 - STANDARD	
	785.9	150.0	150.0	200.7	200.0	150.1	40.1	26.2	26.6	975356.8	20.001	786.543	28	Al2O3 - STANDARD	
	787.9	150.0	150.0	200.8	200.0	150.1	40.1	26.2	26.6	975359.8	20.004	789.543	28	Al2O3 - STANDARD	
	791.9	150.0	150.0	200.9	200.1	150.1	40.1	26.2	26.6	975362.8	20.007	792.542	28	Al2O3 - STANDARD	
	793.9	150.0	150.0	201.0	200.0	150.1	40.1	26.1	26.6	975365.8	20.004	795.543	28	Al2O3 - STANDARD	
	797.9	150.0	150.1	200.9	200.0	150.1	40.1	26.2	26.6	975368.8	20.001	798.543	28	Al2O3 - STANDARD	
	799.9	150.0	150.1	201.1	200.0	150.1	40.1	26.1	26.6	975371.8	20.001	801.542	28	Al2O3 - STANDARD	
	803.9	150.0	150.1	201.0	200.0	150.1	40.0	26.2	26.5	975374.8	20.004	804.542	28	Al2O3 - STANDARD	
	805.9	150.1	150.0	201.0	200.0	150.1	40.0	26.2	26.6	975377.8	20.004	807.544	28	Al2O3 - STANDARD	
	809.9	150.0	150.0	200.9	200.0	150.1	40.0	26.2	26.6	975380.8	19.971	810.543	28	Al2O3 - STANDARD	
	811.9	150.0	150.1	200.9	200.0	150.1	40.0	26.2	26.6	975383.8	20.007	813.543	28	Al2O3 - STANDARD	
	815.9	150.0	150.1	200.8	200.0	150.2	40.0	26.2	26.6	975386.8	20.001	816.544	28	Al2O3 - STANDARD	
	817.9	150.1	150.1	200.8	199.9	150.1	40.0	26.2	26.6	975389.8	20.010	819.543	28	Al2O3 - STANDARD	
	821.9	150.0	150.0	200.7	199.9	150.1	39.9	26.2	26.6	975392.8	20.004	822.544	28	Al2O3 - STANDARD	
	823.9	150.0	150.0	200.6	200.0	150.2	39.9	26.2	26.6	975395.8	20.007	825.543	27	Al2O3 - STANDARD	
	827.9	150.0	150.0	200.5	200.0	150.2	39.9	26.2	26.6	975398.8	20.001	828.543	27	Al2O3 - STANDARD	
	829.9	150.0	150.1	200.6	199.9	150.1	39.9	26.2	26.6	975401.8	20.010	831.546	27	Al2O3 - STANDARD	
	833.9	150.0	150.1	200.8	199.9	150.1	39.8	26.2	26.6	975404.8	20.010	834.542	27	Al2O3 - STANDARD	
	835.9	150.0	150.1	200.8	200.0	150.1	39.8	26.2	26.6	975407.8	20.001	837.545	27	Al2O3 - STANDARD	
	839.9	150.0	150.1	201.0	200.0	150.2	39.8	26.2	26.6	975410.8	19.998	840.544	27	Al2O3 - STANDARD	
	841.9	150.0	150.1	201.1	199.9	150.1	39.8	26.2	26.6	975413.8	20.004	843.545	27	Al2O3 - STANDARD	
	845.9	150.0	150.1	201.2	200.1	150.2	39.8	26.2	26.6	975416.8	20.004	846.544	27	Al2O3 - STANDARD	
	847.9	150.0	150.1	201.1	200.0	150.1	39.8	26.2	26.6	975419.8	20.004	849.541	27	Al2O3 - STANDARD	
	851.9	150.1	150.1	201.0	200.0	150.1	39.7	26.2	26.6	975422.8	20.023	852.543	27	Al2O3 - STANDARD	
	853.9	150.0	150.0	201.0	200.0	150.2	39.7	26.2	26.6	975425.8	19.998	855.543	27	Al2O3 - STANDARD	
	857.9	150.0	150.1	200.9	200.0	150.2	39.7	26.2	26.6	975428.8	20.007	858.542	27	Al2O3 - STANDARD	
	859.9	150.0	150.1	200.9	200.0	150.1	39.7	26.2	26.6	975431.8	19.998	861.543	27	Al2O3 - STANDARD	
	863.9	150.0	150.1	200.8	200.0	150.1	39.7	26.2	26.6	975434.8	19.998	864.543	27	Al2O3 - STANDARD	
	865.9	150.0	150.1	200.8	200.0	150.1	39.7	26.2	26.6	975437.8	19.998	867.542	27	Al2O3 - STANDARD	
	869.9	150.0	150.1	200.9	200.1	150.2	39.7	26.2	26.6	975440.8	20.004	870.542	27	Al2O3 - STANDARD	
	871.9	150.0	150.1	200.8	200.0	150.2	39.6	26.2	26.6	975443.8	20.001	873.543	27	Al2O3 - STANDARD	
	875.9	150.0	150.0	200.5	200.0	150.2	39.6	26.2	26.6	975446.8	20.007	876.541	26	Al2O3 - STANDARD	
	877.9	150.0	150.0	200.3	200.1	150.1	39.6	26.2	26.6	975449.8	19.998	879.543	26	Al2O3 - STANDARD	
	881.9	150.0	150.1	200.1	200.1	150.1	39.6	26.2	26.6	975452.8	20.007	882.544	26	Al2O3 - STANDARD	
	883.9	150.0	150.1	199.9	200.1	150.1	39.6	26.2	26.6	975455.8	20.001	885.542	26	Al2O3 - STANDARD	
	887.9	150.0	150.1	199.8	200.0	150.1	39.5	26.2	26.6	975458.8	19.998	888.543	26	Al2O3 - STANDARD	
	889.9	150.0	150.1	199.7	200.0	150.1	39.5	26.2	26.6	975461.8	20.004	891.542	26	Al2O3 - STANDARD	
	893.9	150.0	150.1	199.5	200.0	150.1	39.5	26.2	26.6	975464.8	20.004	894.544	26	Al2O3 - STANDARD	
	895.9	150.0	150.0	199.6	200.0	150.1	39.5	26.2	26.6	975467.8	19.977	897.542	26	Al2O3 - STANDARD	
	899.9	150.0	150.0	199.7	199.9	150.1	39.5	26.2	26.6	975470.8	19.998	900.543	26	Al2O3 - STANDARD	
	901.9	150.0	150.0	199.6	200.0	150.1	39.4	26.2	26.6	975473.8	20.001	903.542	26	Al2O3 - STANDARD	
	905.9	150.0	150.1	199.6	200.1	150.1	39.4	26.2	26.6	975476.8	20.004	906.543	26	Al2O3 - STANDARD	
	907.9	150.0	150.0	199.6	200.0	150.1	39.4	26.2	26.6	975479.8	20.007	909.543	26	Al2O3 - STANDARD	
	911.9	150.0	150.0	199.6	200.0	150.1	39.4	26.2	26.6	975482.8	19.968	912.542	26	Al2O3 - STANDARD	
	913.9	150.0	150.1	199.7	200.1	150.1	39.4	26.2	26.6	975485.8	20.007	915.543	26	Al2O3 - STANDARD	
	917.9	150.0	150.1	199.5	200.0	150.1	39.3	26.2	26.7	975488.8	20.004	918.541	26	Al2O3 - STANDARD	
	919.9	150.0	150.1	199.6	200.0	150.2	39.4	26.2	26.6	975491.8	19.998	921.545	26	Al2O3 - STANDARD	
	923.9	150.0	150.1	199.3	200.0	150.1	39.3	26.2	26.7	975494.8	20.007	924.543	26	Al2O3 - STANDARD	
	925.9	150.0	150.0	199.4	200.0	150.1	39.3	26.2	26.7	975497.8	20.010	927.543	25	Al2O3 - STANDARD	
	929.9	150.0	150.1	199.6	200.0	150.1	39.3	26.2	26.7	975500.8	20.004	930.543	25	Al2O3 - STANDARD	
	931.9	150.0	150.0	199.8	200.0	150.1	39.3	26.2	26.7	975503.8	20.004	933.545	25	Al2O3 - STANDARD	
	935.9	150.0	150.0	200.1	200.1	150.1	39.3	26.2	26.6	975506.8	20.007	936.543	25	Al2O3 - STANDARD	
	937.9	150.0	150.1	200.2	200.1	150.1	39.3	26.3	26.7	975509.8	20.020	939.543	25	Al2O3 - STANDARD	
	941.9	150.0	150.0	200.5	200.0	150.1	39.2	26.2	26.6	975512.8	20.004	942.544	25	Al2O3 - STANDARD	
	943.9	150.0	150.1	200.7	200.1	150.1	39.2	26.2	26.6	975515.8	20.001	945.542	25	Al2O3 - STANDARD	
	947.9	149.9	150.0	200.8	200.1	150.1	39.2	26.2	26.6	975518.8	19.998	948.545	25	Al2O3 - STANDARD	
	949.9	150.0	150.1	200.9	200.1	150.1	39.2	26.2	26.6	975521.8	20.001	951.544	25	Al2O3 - STANDARD	
	953.9	150.0	150.1	200.8	200.1	150.1	39.2	26.2	26.7	975524.8	20.007	954.543	25	Al2O3 - STANDARD	
	955.9	150.0	150.0	200.8	200.1	150.1	39.1	26.2	26.7	975527.8	20.004	957.543	25	Al2O3 - STANDARD	
	959.9	150.0	150.1	200.8	200.0	150.1	39.1	26.2	26.7	975530.8	19.965	960.542	25	Al2O3 - STANDARD	
	961.9	150.0	150.0	200.8	200.1	150.2	39.1	26.2	26.7	975533.8	20.010	963.543	25	Al2O3 - STANDARD	
	965.9	150.0	150.0	200.9	200.1	150.1	39.1	26.2	26.7	975536.8	20.004	966.543	25	Al2O3 - STANDARD	
	967.9	150.0	150.1	200.9	200.0	150.1	39.1	26.2	26.7	975539.8	20.004	969.545	25	Al2O3 - STANDARD	
	971.9	150.0	150.0	200.8	200.0	150.1	39.0	26.3	26.7	975542.8	20.007	972.543	25	Al2O3 - STANDARD	
	973.9	150.0	150.1	200.7	200.0	150.1	39.0	26.3	26.7	975545.8	20.016	975.544	24	Al2O3 - STANDARD	
	977.9	150.1	150.1	200.6	200.0	150.1	39.0	26.2	26.7	975548.8	19.998	978.544	24	Al2O3 - STANDARD	
	979.9	150.0	150.1	200.5	200.1	150.1	39.0	26.2	26.7	975551.8	20.004	981.542	24	Al2O3 - STANDARD	
	983.9	150.0	150.1	200.5	200.1	150.1	39.0	26.3	26.7	975554.8	20.004	984.542	24	Al2O3 - STANDARD	
	985.9	150.0	150.0	200.5	200.1	150.1	39.0	26.3	26.7	975557.8	20.001	987.544	24	Al2O3 - STANDARD	
	989.9	150.0	150.1	200.6	200.1	150.1	39.0	26.3	26.7	975560.8	20.001	990.543	24	Al2O3 - STANDARD	
	991.9	150.0	150.1	200.6	200.0	150.1	38.9	26.3	26.7	975563.8	20.004	993.543	24	Al2O3 - STANDARD	
	995.9	150.0	150.1	200.5	200.1	150.1	38.9	26.2	26.7	975566.8	19.998	996.543	24	Al2O3 - STANDARD	
	997.9	150.0	150.0	200.3	200.1	150.1	38.9	26.3	26.7	975569.8	20.010	999.543	24	Al2O3 - STANDARD	
	1001.9	150.0	150.0	199.9	200.0	150.1	38.9	26.3	26.7	975572.8	20.007	1002.543	24	Al2O3 - STANDARD	
	1003.9	150.0	150.1	199.9	200.1	150.1	38.9	26.3	26.7	975575.8	20.001	1005.544	24	Al2O3 - STANDARD	
	1007.9	150.0	150.1	199.7	200.1	150.1	38.8	26.3	26.7	975578.8	19.965	1008.542	24	Al2O3 - STANDARD	
	1009.9	150.0	150.1	199.5	200.0	150.1	38.8	26.3	26.7	975581.8	20.001	1011.544	24	Al2O3 - STANDARD	
	1013.9	150.0	150.1	199.4	200.0	150.1	38.8	26.3	26.7	975584.8	20.001	1014.542	24	Al2O3 - STANDARD	
	1015.9	150.0	150.0	199.4	199.9	150.1	38.8	26.3	26.7	975587.8	20.007	1017.542	24	Al2O3 - STANDARD	
	1019.9	150.0	150.1	199.7	200.0	150.1	38.8	26.2	26.7	975590.8	20.007	1020.542	24	Al2O3 - STANDARD	
	1021.9	150.0	150.1	199.8	199.9	150.1	38.8	26.3	26.7	975593.8	20.007	1023.543	24	Al2O3 - STANDARD	
	1025.9	150.0	150.1	200.1	200.0	150.1	38.8	26.3	26.7	975596.8	20.010	1026.542	23	Al2O3 - STANDARD	
	1027.9	150.0	150.1	200.3	200.0	150.1	38.8	26.3	26.7	975599.8	20.001	1029.542	23	Al2O3 - STANDARD	
	1031.9	150.0	150.1	200.5	200.0	150.0	38.7	26.3	26.7	975602.8	19.968	1032.544	23	Al2O3 - STANDARD	
	1033.9	150.0	150.1	200.7	200.0	150.1	38.7	26.3	26.7	975605.8	20.004	1035.542	23	Al2O3 - STANDARD	
	1037.9	150.0	150.1	201.0	200.0	150.1	38.7	26.3	26.7	975608.8	20.013	1038.543	23	Al2O3 - STANDARD	
	1039.9	150.0	150.1	201.1	200.0	150.1	38.7	26.3	26.7	975611.8	20.010	1041.542	23	Al2O3 - STANDARD	
	1043.9	150.0	150.1	201.2	200.1	150.1	38.6	26.3	26.7	975614.8	20.004	1044.542	23	Al2O3 - STANDARD	
	1045.9	150.0	150.0	201.4	200.0	150.1	38.6	26.3	26.7	975617.8	19.971	1047.542	23	Al2O3 - STANDARD	
	1049.9	149.9	150.1	201.4	200.1	150.1	38.6	26.3	26.7	975620.8	20.001	1050.544	23	Al2O3 - STANDARD	
	1051.9	150.0	150.1	201.5	200.0	150.1	38.6	26.3	26.7	975623.8	19.995	1053.544	23	Al2O3 - STANDARD	
	1055.9	150.0	150.1	201.6	200.0	150.1	38.6	26.3	26.7	975626.8	20.007	1056.542	23	Al2O3 - STANDARD	
	1057.9	150.0	150.0	201.6	200.1	150.1	38.6	26.3	26.7	975629.8	19.995	1059.542	23	Al2O3 - STANDARD	
	1061.9	150.0	150.1	201.7	200.0	150.1	38.6	26.3	26.7	975632.8	20.001	1062.544	23	Al2O3 - STANDARD	
	1063.9	150.0	150.0	201.6	200.0	150.1	38.5	26.3	26.7	975635.8	20.007	1065.542	23	Al2O3 - STANDARD	
	1067.9	150.0	150.0	201.4	200.1	150.1	38.5	26.3	26.7	975638.8	20.004	1068.542	23	Al2O3 - STANDARD	
	1069.9	150.0	150.1	201.1	200.1	150.1	38.5	26.3	26.7	975641.8	20.013	1071.541	23	Al2O3 - STANDARD	
	1073.9	150.0	150.0	200.7	200.1	150.1	38.5	26.3	26.7	975644.8	20.007	1074.543	23	Al2O3 - STANDARD	
	1075.9	150.0	150.1	200.7	200.1	150.1	38.5	26.3	26.7	975647.8	20.007	1077.542	22	Al2O3 - STANDARD	
	1079.9	150.0	150.0	200.6	200.1	150.1	38.4	26.3	26.7	975650.8	20.010	1080.544	22	Al2O3 - STANDARD	
	1081.9	150.0	150.1	200.5	200.1	150.1	38.5	26.3	26.7	975653.8	20.004	1083.543	22	Al2O3 - STANDARD	
	1085.9	149.9	150.1	200.7	200.1	150.1	38.4	26.3	26.7	975656.8	20.004	1086.541	22	Al2O3 - STANDARD	
	1087.9	150.0	150.0	200.8	200.1	150.1	38.4	26.3	26.7	975659.8	20.013	1089.542	22	Al2O3 - STANDARD	
	1091.9	150.0	150.0	200.9	200.1	150.1	38.4	26.3	26.7	975662.8	20.001	1092.543	22	Al2O3 - STANDARD	
	1093.9	150.0	150.0	201.0	200.1	150.1	38.4	26.3	26.7	975665.8	20.010	1095.544	22	Al2O3 - STANDARD	
	1097.9	150.0	150.0	201.1	200.1	150.1	38.3	26.3	26.7	975668.8	19.998	1098.544	22	Al2O3 - STANDARD	
	1099.9	150.0	150.0	201.2	200.1	150.1	38.4	26.3	26.7	975671.8	19.998	1101.543	22	Al2O3 - STANDARD	
	1103.9	150.1	150.1	201.2	200.0	150.1	38.3	26.3	26.7	975674.8	20.010	1104.542	22	Al2O3 - STANDARD	
	1105.9	150.0	150.1	201.2	200.2	150.1	38.3	26.3	26.7	975677.8	20.001	1107.543	22	Al2O3 - STANDARD	
	1109.9	150.0	150.1	200.8	200.1	150.1	38.3	26.3	26.7	975680.8	19.992	1110.544	22	Al2O3 - STANDARD	
	1111.9	150.0	150.0	200.8	200.1	150.1	38.2	26.3	26.7	975683.8	20.001	1113.545	22	Al2O3 - STANDARD	
	1115.9	150.0	150.0	200.7	200.1	150.1	38.3	26.3	26.8	975686.8	19.998	1116.544	22	Al2O3 - STANDARD	
	1117.9	150.0	150.0	200.8	200.1	150.1	38.2	26.3	26.8	975689.8	20.007	1119.544	22	Al2O3 - STANDARD	
	1121.9	150.0	150.0	200.9	200.1	150.1	38.2	26.3	26.7	975692.8	20.001	1122.542	22	Al2O3 - STANDARD	
	1123.9	150.0	150.0	201.0	200.1	150.1	38.2	26.3	26.8	975695.8	20.004	1125.541	22	Al2O3 - STANDARD	
	1127.9	150.0	150.1	201.0	200.1	150.1	38.2	26.3	26.7	975698.8	20.001	1128.542	21	Al2O3 - STANDARD	
	1129.9	150.1	150.1	200.9	200.0	150.1	38.2	26.3	26.7	975701.8	20.016	1131.544	21	Al2O3 - STANDARD	
	1133.9	150.0	150.0	201.0	200.0	150.1	38.2	26.3	26.7	975704.8	20.004	1134.543	21	Al2O3 - STANDARD	
	1135.9	150.0	150.0	201.0	200.0	150.1	38.2	26.3	26.7	975707.8	20.004	1137.545	21	Al2O3 - STANDARD	
	1139.9	150.0	150.1	201.0	200.0	150.1	38.1	26.3	26.7	975710.8	20.004	1140.544	21	Al2O3 - STANDARD	
	1141.9	150.0	150.0	200.9	200.0	150.1	38.1	26.3	26.7	975713.8	20.004	1143.544	21	Al2O3 - STANDARD	
	1145.9	150.0	150.1	201.0	200.0	150.1	38.1	26.3	26.8	975716.8	19.983	1146.543	21	Al2O3 - STANDARD	
	1147.9	150.0	150.1	201.0	200.0	150.1	38.1	26.3	26.8	975719.8	20.004	1149.543	21	Al2O3 - STANDARD	
	1151.9	150.0	150.0	201.0	200.0	150.1	38.1	26.3	26.8	975722.8	20.004	1152.543	21	Al2O3 - STANDARD	
	1153.9	150.1	150.1	201.1	200.0	150.1	38.1	26.3	26.8	975725.8	20.010	1155.543	21	Al2O3 - STANDARD	
	1157.9	150.0	150.1	201.2	200.0	150.1	38.0	26.3	26.8	975728.8	20.004	1158.544	21	Al2O3 - STANDARD	
	1159.9	150.1	150.1	201.1	200.1	150.1	38.0	26.3	26.7	975731.8	20.010	1161.544	21	Al2O3 - STANDARD	
	1163.9	150.0	150.1	200.8	200.0	150.1	38.0	26.3	26.8	975734.8	20.023	1164.544	21	Al2O3 - STANDARD	
	1165.9	150.0	150.0	200.7	200.0	150.1	38.0	26.3	26.8	975737.8	20.004	1167.542	21	Al2O3 - STANDARD	
	1169.9	150.1	150.1	200.3	199.9	150.1	38.0	26.3	26.8	975740.8	19.992	1170.541	21	Al2O3 - STANDARD	
	1171.9	150.1	150.1	200.0	199.9	150.1	38.0	26.3	26.8	975743.8	19.998	1173.544	21	Al2O3 - STANDARD	
	1175.9	150.0	150.1	199.6	199.9	150.1	37.9	26.3	26.8	975746.8	20.007	1176.544	21	Al2O3 - STANDARD	
	1177.9	150.0	150.1	199.4	199.9	150.1	37.9	26.3	26.8	975749.8	20.001	1179.543	20	Al2O3 - STANDARD	
	1181.9	150.0	150.0	199.3	199.9	150.1	37.9	26.4	26.8	975752.8	19.998	1182.542	20	Al2O3 - STANDARD	
	1183.9	150.1	150.0	199.2	199.9	150.1	37.9	26.3	26.8	975755.8	20.001	1185.542	20	Al2O3 - STANDARD	
	1187.9	150.1	150.1	199.2	200.0	150.1	37.9	26.3	26.8	975758.8	20.001	1188.542	20	Al2O3 - STANDARD	
	1189.9	150.0	150.0	199.3	199.9	150.1	37.9	26.3	26.8	975761.8	20.013	1191.544	20	Al2O3 - STANDARD	
	1193.9	150.0	150.1	199.5	200.0	150.1	37.8	26.3	26.8	975764.8	20.007	1194.544	20	Al2O3 - STANDARD	
	1195.9	150.0	150.1	199.6	200.0	150.1	37.8	26.3	26.8	975767.8	19.995	1197.542	20	Al2O3 - STANDARD	
	1199.9	150.0	150.0	199.9	200.0	150.1	37.8	26.3	26.8	975770.8	20.004	1200.543	20	Al2O3 - STANDARD	
	1201.9	150.0	150.1	199.9	200.0	150.1	37.8	26.4	26.8	975773.8	20.004	1203.545	20	Al2O3 - STANDARD	
	1205.9	150.0	150.0	199.8	200.0	150.1	37.8	26.3	26.8	975776.8	20.007	1206.542	20	Al2O3 - STANDARD	
	1207.9	150.0	150.1	199.9	200.1	150.1	37.8	26.3	26.8	975779.8	20.016	1209.542	20	Al2O3 - STANDARD	
	1211.9	150.0	150.1	199.7	200.1	150.1	37.8	26.3	26.8	975782.8	20.001	1212.541	20	Al2O3 - STANDARD	
	1213.9	150.0	150.0	199.6	200.1	150.1	37.8	26.4	26.8	975785.8	20.004	1215.541	20	Al2O3 - STANDARD	
	1217.9	150.0	150.1	199.4	200.2	150.1	37.7	26.4	26.8	975788.8	19.995	1218.541	20	Al2O3 - STANDARD	
	1219.9	150.0	150.0	199.2	200.1	150.1	37.7	26.3	26.8	975791.8	19.998	1221.542	20	Al2O3 - STANDARD	
	1223.9	150.0	150.1	199.3	200.1	150.1	37.7	26.4	26.8	975794.8	20.004	1224.544	20	Al2O3 - STANDARD	
	1225.9	150.0	150.0	199.3	200.1	150.1	37.7	26.3	26.8	975797.8	19.995	1227.542	20	Al2O3 - STANDARD	
	1229.9	150.0	150.1	199.5	200.1	150.1	37.6	26.3	26.8	975800.8	20.007	1230.543	19	Al2O3 - STANDARD	
	1231.9	150.0	150.1	199.5	200.1	150.1	37.7	26.4	26.8	975803.8	20.004	1233.544	19	Al2O3 - STANDARD	
	1235.9	150.0	150.0	199.4	200.1	150.1	37.7	26.3	26.8	975806.8	20.001	1236.543	19	Al2O3 - STANDARD	
	1237.9	150.0	150.1	199.4	200.0	150.1	37.6	26.4	26.8	975809.8	20.001	1239.544	19	Al2O3 - STANDARD	
	1241.9	150.0	150.0	199.2	200.0	150.1	37.6	26.4	26.8	975812.8	20.001	1242.544	19	Al2O3 - STANDARD	
	1243.9	150.1	150.1	199.2	200.0	150.1	37.6	26.4	26.8	975815.8	20.004	1245.542	19	Al2O3 - STANDARD	
	1247.9	150.0	150.0	199.1	200.0	150.1	37.6	26.4	26.8	975818.8	20.013	1248.543	19	Al2O3 - STANDARD	
	1249.9	150.0	150.1	199.2	200.0	150.1	37.6	26.4	26.8	975821.8	20.004	1251.543	19	Al2O3 - STANDARD	
	1253.9	150.0	150.0	199.3	199.9	150.1	37.5	26.4	26.8	975824.8	20.010	1254.544	19	Al2O3 - STANDARD	
	1255.9	150.1	150.0	199.6	199.9	150.1	37.5	26.4	26.8	975827.8	19.998	1257.542	19	Al2O3 - STANDARD	
	1259.9	150.0	150.0	199.9	199.9	150.1	37.5	26.4	26.8	975830.8	20.004	1260.543	19	Al2O3 - STANDARD	
	1261.9	150.1	150.0	200.0	199.9	150.1	37.5	26.4	26.8	975833.8	20.007	1263.542	19	Al2O3 - STANDARD	
	1265.9	150.0	150.1	200.3	200.0	150.1	37.5	26.4	26.8	975836.8	20.007	1266.543	19	Al2O3 - STANDARD	
	1267.9	150.0	150.1	200.4	200.0	150.1	37.5	26.4	26.8	975839.8	20.004	1269.544	19	Al2O3 - STANDARD	
	1271.9	150.0	150.0	200.5	200.0	150.1	37.5	26.4	26.8	975842.8	20.016	1272.543	19	Al2O3 - STANDARD	
	1273.9	150.0	150.0	200.5	199.9	150.1	37.4	26.4	26.8	975845.8	20.004	1275.544	19	Al2O3 - STANDARD	
	1277.9	150.0	150.0	200.2	200.0	150.1	37.4	26.4	26.8	975848.8	20.007	1278.543	18	Al2O3 - STANDARD	
	1279.9	150.0	150.0	200.2	200.0	150.0	37.4	26.4	26.8	975851.8	20.004	1281.543	18	Al2O3 - STANDARD	
	1283.9	150.0	150.0	200.1	199.9	150.1	37.4	26.4	26.8	975854.8	20.010	1284.543	18	Al2O3 - STANDARD	
	1285.9	150.0	150.0	200.1	200.0	150.1	37.4	26.4	26.8	975857.8	20.001	1287.543	18	Al2O3 - STANDARD	
	1289.9	150.0	150.0	200.1	200.0	150.1	37.4	26.4	26.8	975860.8	20.010	1290.543	18	Al2O3 - STANDARD	
	1291.9	150.0	150.0	200.1	199.9	150.0	37.4	26.4	26.8	975863.8	20.010	1293.544	18	Al2O3 - STANDARD	
	1295.9	150.0	150.0	200.0	199.9	150.1	37.4	26.4	26.8	975866.8	19.995	1296.543	18	Al2O3 - STANDARD	
	1297.9	150.1	150.0	200.0	199.9	150.1	37.4	26.4	26.8	975869.8	20.004	1299.544	18	Al2O3 - STANDARD	
	1301.9	150.0	150.1	199.8	199.9	150.1	37.3	26.4	26.8	975872.8	19.995	1302.542	18	Al2O3 - STANDARD	
	1303.9	150.0	150.1	199.8	199.9	150.1	37.3	26.4	26.8	975875.8	20.007	1305.543	18	Al2O3 - STANDARD	
	1307.9	150.0	150.1	199.5	199.9	150.1	37.3	26.4	26.8	975878.8	19.995	1308.541	18	Al2O3 - STANDARD	
	1309.9	150.0	150.0	199.6	199.9	150.2	37.3	26.4	26.8	975881.8	20.007	1311.545	18	Al2O3 - STANDARD	
	1313.9	150.0	150.1	199.4	199.9	150.1	37.3	26.4	26.8	975884.8	20.007	1314.543	18	Al2O3 - STANDARD	
	1315.9	150.0	150.0	199.3	199.9	150.1	37.2	26.4	26.8	975887.8	20.047	1317.541	18	Al2O3 - STANDARD	
	1319.9	150.0	150.1	199.2	200.0	150.1	37.2	26.4	26.8	975890.8	19.998	1320.544	18	Al2O3 - STANDARD	
	1321.9	150.0	150.0	199.1	199.9	150.1	37.2	26.4	26.8	975893.8	20.013	1323.544	18	Al2O3 - STANDARD	
	1325.9	150.1	150.0	198.8	199.9	150.0	37.2	26.4	26.8	975896.8	20.010	1326.544	18	Al2O3 - STANDARD	
	1327.9	150.0	150.1	198.7	200.0	150.1	37.2	26.4	26.8	975899.8	20.013	1329.542	17	Al2O3 - STANDARD	
	1331.9	150.0	150.1	198.6	200.0	150.0	37.2	26.4	26.8	975902.8	20.013	1332.544	17	Al2O3 - STANDARD	
	1333.9	150.0	150.1	198.6	199.9	150.1	37.2	26.4	26.8	975905.8	19.998	1335.542	17	Al2O3 - STANDARD	
	1337.9	150.0	150.0	198.8	199.9	150.1	37.2	26.4	26.8	975908.8	20.038	1338.542	17	Al2O3 - STANDARD	
	1339.9	150.0	150.0	199.0	199.9	150.1	37.1	26.4	26.8	975911.8	20.004	1341.543	17	Al2O3 - STANDARD	
	1343.9	150.0	150.0	199.1	199.9	150.1	37.1	26.4	26.8	975914.8	20.001	1344.544	17	Al2O3 - STANDARD	
	1345.9	150.0	150.0	199.1	199.9	150.0	37.1	26.4	26.9	975917.8	20.001	1347.544	17	Al2O3 - STANDARD	
	1349.9	150.0	150.0	199.3	199.9	150.0	37.1	26.4	26.8	975920.8	20.004	1350.542	17	Al2O3 - STANDARD	
	1351.9	150.0	150.0	199.4	199.9	150.1	37.1	26.4	26.8	975923.8	20.001	1353.543	17	Al2O3 - STANDARD	
	1355.9	150.0	150.0	199.5	199.9	150.1	37.1	26.4	26.8	975926.8	20.001	1356.542	17	Al2O3 - STANDARD	
	1357.9	150.0	150.0	199.6	199.8	150.0	37.1	26.4	26.8	975929.8	20.007	1359.541	17	Al2O3 - STANDARD	
	1361.9	150.0	150.0	199.5	199.8	150.1	37.0	26.4	26.8	975932.8	20.007	1362.542	17	Al2O3 - STANDARD	
	1363.9	149.9	150.0	199.5	199.9	150.1	37.0	26.4	26.9	975935.8	20.004	1365.542	17	Al2O3 - STANDARD	
	1367.9	150.0	150.0	199.6	199.9	150.1	37.0	26.4	26.8	975938.8	19.995	1368.543	17	Al2O3 - STANDARD	
	1369.9	150.1	150.0	199.7	199.9	150.0	37.0	26.4	26.8	975941.8	20.001	1371.544	17	Al2O3 - STANDARD	
	1373.9	150.0	150.0	200.0	199.9	150.1	37.0	26.4	26.9	975944.8	20.007	1374.544	17	Al2O3 - STANDARD	
	1375.9	150.0	150.0	200.1	199.9	150.1	37.0	26.4	26.8	975947.8	20.004	1377.543	17	Al2O3 - STANDARD	
	1379.9	150.0	150.0	200.1	200.0	150.1	36.9	26.4	26.9	975950.8	19.998	1380.542	16	Al2O3 - STANDARD	
	1381.9	150.0	150.0	200.0	199.9	150.1	36.9	26.4	26.9	975953.8	20.010	1383.542	16	Al2O3 - STANDARD	
	1385.9	150.0	150.1	199.9	199.9	150.1	36.9	26.4	26.8	975956.8	19.992	1386.543	16	Al2O3 - STANDARD	
	1387.9	150.0	150.0	199.8	199.8	150.1	36.9	26.4	26.8	975959.8	19.992	1389.542	16	Al2O3 - STANDARD	
	1391.9	150.0	150.0	199.9	199.9	150.0	36.9	26.4	26.9	975962.8	20.007	1392.543	16	Al2O3 - STANDARD	
	1393.9	150.0	150.0	200.0	199.9	150.1	36.9	26.4	26.8	975965.8	19.998	1395.541	16	Al2O3 - STANDARD	
	1397.9	150.0	150.0	200.0	199.9	150.0	36.9	26.4	26.9	975968.8	19.995	1398.542	16	Al2O3 - STANDARD	
	1399.9	150.0	150.0	200.1	200.0	150.1	36.8	26.4	26.9	975971.8	19.989	1401.543	16	Al2O3 - STANDARD	
	1403.9	150.0	150.1	200.0	200.0	150.1	36.8	26.4	26.9	975974.8	20.004	1404.544	16	Al2O3 - STANDARD	
	1405.9	150.0	150.0	199.9	200.0	150.1	36.9	26.4	26.9	975977.8	19.998	1407.542	16	Al2O3 - STANDARD	
	1409.9	150.0	150.0	199.9	200.0	150.1	36.8	26.4	26.8	975980.8	20.004	1410.543	16	Al2O3 - STANDARD	
	1411.9	150.0	150.0	199.9	200.0	150.0	36.8	26.4	26.9	975983.8	20.007	1413.544	16	Al2O3 - STANDARD	
	1415.9	150.0	150.0	199.9	200.0	150.0	36.8	26.4	26.9	975986.8	20.007	1416.544	16	Al2O3 - STANDARD	
	1417.9	150.0	150.0	200.0	200.0	150.0	36.7	26.4	26.9	975989.8	20.001	1419.544	16	Al2O3 - STANDARD	
	1421.9	150.0	150.1	200.0	199.9	150.1	36.7	26.4	26.9	975992.8	19.998	1422.542	16	Al2O3 - STANDARD	
	1423.9	150.0	150.1	200.0	200.0	150.1	36.7	26.5	26.9	975995.8	20.001	1425.544	16	Al2O3 - STANDARD	
	1427.9	150.0	150.0	200.1	199.9	150.1	36.7	26.4	26.9	975998.8	20.007	1428.542	16	Al2O3 - STANDARD	
	1429.9	150.0	150.1	200.2	199.9	150.1	36.7	26.4	26.9	976001.8	20.001	1431.543	15	Al2O3 - STANDARD	
	1433.9	150.0	150.0	200.2	199.9	150.1	36.7	26.4	26.9	976004.8	20.013	1434.544	15	Al2O3 - STANDARD	
	1435.9	150.0	150.0	200.4	200.0	150.1	36.7	26.4	26.9	976007.8	19.995	1437.544	15	Al2O3 - STANDARD	
	1439.9	150.0	150.1	200.5	200.0	150.1	36.7	26.4	26.9	976010.8	20.010	1440.543	15	Al2O3 - STANDARD	
	1441.9	150.0	150.0	200.5	200.0	150.1	36.7	26.4	26.9	976013.8	20.007	1443.542	15	Al2O3 - STANDARD	
	1445.9	150.0	150.0	200.6	200.1	150.1	36.6	26.5	26.9	976016.8	20.007	1446.543	15	Al2O3 - STANDARD	
	1447.9	150.0	150.1	200.6	200.0	150.1	36.6	26.4	26.9	976019.8	20.010	1449.545	15	Al2O3 - STANDARD	
	1451.9	150.0	150.1	200.8	200.0	150.0	36.6	26.4	26.9	976022.8	20.013	1452.544	15	Al2O3 - STANDARD	
	1453.9	150.0	150.0	200.7	200.0	150.1	36.6	26.4	26.9	976025.8	20.007	1455.542	15	Al2O3 - STANDARD	
	1457.9	150.0	150.0	200.7	200.0	150.1	36.6	26.4	26.9	976028.8	20.007	1458.542	15	Al2O3 - STANDARD	
	1459.9	150.0	150.0	200.8	200.0	150.0	36.6	26.4	26.9	976031.8	20.004	1461.544	15	Al2O3 - STANDARD	
	1463.9	150.0	150.1	200.9	200.0	150.0	36.6	26.4	26.9	976034.8	20.004	1464.546	15	Al2O3 - STANDARD	
	1465.9	150.0	150.1	200.9	200.0	150.1	36.6	26.4	26.9	976037.8	20.010	1467.542	15	Al2O3 - STANDARD	
	1469.9	150.0	150.0	201.1	200.0	150.0	36.5	26.5	26.9	976040.8	20.001	1470.542	15	Al2O3 - STANDARD	
	1471.9	150.0	150.1	201.0	200.0	150.1	36.5	26.4	26.9	976043.8	19.998	1473.546	15	Al2O3 - STANDARD	
	1475.9	150.0	150.0	200.9	200.0	150.1	36.5	26.5	26.9	976046.8	20.007	1476.544	15	Al2O3 - STANDARD	
	1477.9	150.0	150.1	200.8	200.0	150.0	36.5	26.4	26.9	976049.8	20.001	1479.543	15	Al2O3 - STANDARD	
	1481.9	150.0	150.0	200.5	200.0	150.1	36.5	26.4	26.9	976052.8	20.004	1482.542	14	Al2O3 - STANDARD	
	1483.9	150.0	150.1	200.5	200.1	150.1	36.5	26.5	26.9	976055.8	20.001	1485.543	14	Al2O3 - STANDARD	
	1487.9	150.0	150.1	200.3	200.1	150.0	36.4	26.4	26.9	976058.8	20.010	1488.541	14	Al2O3 - STANDARD	
	1489.9	150.0	150.1	200.2	200.1	150.0	36.4	26.5	26.9	976061.8	20.007	1491.542	14	Al2O3 - STANDARD	
	1493.9	150.0	150.0	200.0	200.0	150.0	36.4	26.5	26.9	976064.8	20.004	1494.542	14	Al2O3 - STANDARD	
	1495.9	150.0	150.0	199.9	200.1	150.0	36.4	26.4	26.9	976067.8	20.007	1497.543	14	Al2O3 - STANDARD	
	1499.9	150.0	150.0	199.8	200.2	150.0	36.4	26.5	26.9	976070.8	20.004	1500.541	14	Al2O3 - STANDARD	
	1501.9	150.0	150.0	199.7	200.1	150.0	36.4	26.5	26.9	976073.8	19.998	1503.542	14	Al2O3 - STANDARD	
	1505.9	150.0	150.1	199.8	200.1	150.0	36.4	26.5	26.9	976076.8	19.965	1506.543	14	Al2O3 - STANDARD	
	1507.9	150.1	150.0	199.7	200.2	150.0	36.4	26.5	26.9	976079.8	20.032	1509.543	14	Al2O3 - STANDARD	
	1511.9	150.0	150.1	199.4	200.1	150.1	36.3	26.5	26.9	976082.8	19.998	1512.543	14	Al2O3 - STANDARD	
	1513.9	150.0	150.0	199.3	200.1	150.1	36.3	26.5	26.9	976085.8	20.001	1515.542	14	Al2O3 - STANDARD	
	1517.9	150.0	150.1	199.2	200.1	150.0	36.3	26.5	26.9	976088.8	19.998	1518.543	14	Al2O3 - STANDARD	
	1519.9	150.1	150.0	199.2	200.1	150.1	36.3	26.5	26.9	976091.8	20.001	1521.543	14	Al2O3 - STANDARD	
	1523.9	150.1	150.1	199.3	200.1	150.1	36.3	26.5	26.9	976094.8	19.986	1524.544	14	Al2O3 - STANDARD	
	1525.9	150.0	150.1	199.4	200.1	150.0	36.3	26.5	26.9	976097.8	20.001	1527.543	14	Al2O3 - STANDARD	
	1529.9	150.0	150.0	199.7	200.1	150.0	36.3	26.5	27.0	976100.8	20.010	1530.543	14	Al2O3 - STANDARD	
	1531.9	150.0	150.0	199.8	200.1	150.1	36.3	26.5	26.9	976103.8	20.004	1533.542	13	Al2O3 - STANDARD	
	1535.9	150.0	150.1	200.1	200.1	150.1	36.3	26.5	26.9	976106.8	19.998	1536.541	13	Al2O3 - STANDARD	
	1537.9	150.0	150.0	200.1	200.0	150.1	36.2	26.5	27.0	976109.8	20.007	1539.544	13	Al2O3 - STANDARD	
	1541.9	150.0	150.0	200.1	200.0	150.1	36.2	26.5	26.9	976112.8	19.992	1542.545	13	Al2O3 - STANDARD	
	1543.9	150.0	150.1	200.1	200.0	150.1	36.2	26.5	26.9	976115.8	19.998	1545.542	13	Al2O3 - STANDARD	
	1547.9	150.0	150.0	200.2	200.1	150.1	36.2	26.5	26.9	976118.8	20.007	1548.542	13	Al2O3 - STANDARD	
	1549.9	150.0	150.1	200.4	200.0	150.1	36.2	26.5	26.9	976121.8	19.998	1551.543	13	Al2O3 - STANDARD	
	1553.9	150.0	150.0	200.5	200.1	150.0	36.2	26.5	26.9	976124.8	19.998	1554.544	13	Al2O3 - STANDARD	
	1555.9	150.0	150.1	200.6	200.1	150.0	36.1	26.5	26.9	976127.8	20.007	1557.544	13	Al2O3 - STANDARD	
	1559.9	150.1	150.1	200.8	200.1	150.1	36.1	26.5	26.9	976130.8	20.001	1560.545	13	Al2O3 - STANDARD	
	1561.9	150.1	150.1	200.8	200.2	150.1	36.1	26.5	26.9	976133.8	19.998	1563.543	13	Al2O3 - STANDARD	
	1565.9	150.0	150.1	200.6	200.1	150.1	36.1	26.5	26.9	976136.8	20.004	1566.543	13	Al2O3 - STANDARD	
	1567.9	150.0	150.1	200.7	200.1	150.0	36.1	26.5	27.0	976139.8	19.968	1569.543	13	Al2O3 - STANDARD	
	1571.9	150.0	150.1	200.5	200.1	150.1	36.1	26.5	27.0	976142.8	20.004	1572.544	13	Al2O3 - STANDARD	
	1573.9	150.1	150.0	200.5	200.1	150.0	36.0	26.5	27.0	976145.8	20.004	1575.542	13	Al2O3 - STANDARD	
	1577.9	150.1	150.1	200.6	200.1	150.0	36.0	26.5	27.0	976148.8	20.007	1578.545	13	Al2O3 - STANDARD	
	1579.9	150.0	150.1	200.6	200.1	150.0	36.0	26.5	27.0	976151.8	20.001	1581.559	12	Al2O3 - STANDARD	
	1583.9	150.0	150.0	200.7	200.1	150.0	36.0	26.5	26.9	976154.8	20.001	1584.544	12	Al2O3 - STANDARD	
	1585.9	150.1	150.1	200.7	200.1	150.0	36.0	26.5	26.9	976157.8	20.013	1587.542	12	Al2O3 - STANDARD	
	1589.9	150.0	150.1	200.8	200.1	150.0	36.0	26.5	27.0	976160.8	20.004	1590.543	12	Al2O3 - STANDARD	
	1591.9	150.0	150.0	200.9	200.1	150.1	36.0	26.5	26.9	976163.8	20.010	1593.543	12	Al2O3 - STANDARD	
	1595.9	150.0	150.1	201.0	200.0	150.0	36.0	26.5	27.0	976166.8	20.004	1596.545	12	Al2O3 - STANDARD	
	1597.9	150.0	150.1	201.0	200.0	150.1	36.0	26.5	26.9	976169.8	19.998	1599.543	12	Al2O3 - STANDARD	
	1601.9	150.0	150.1	201.1	200.0	150.1	35.9	26.5	27.0	976172.8	20.007	1602.545	12	Al2O3 - STANDARD	
	1603.9	150.0	150.0	201.1	200.1	150.1	36.0	26.5	27.0	976175.8	20.007	1605.543	12	Al2O3 - STANDARD	
	1607.9	150.0	150.1	201.2	200.0	150.0	35.9	26.5	27.0	976178.8	20.004	1608.544	12	Al2O3 - STANDARD	
	1609.9	150.0	150.1	201.2	200.0	150.1	35.9	26.5	27.0	976181.8	20.004	1611.543	12	Al2O3 - STANDARD	
	1613.9	150.0	150.1	201.1	200.0	150.0	35.9	26.5	27.0	976184.8	20.004	1614.542	12	Al2O3 - STANDARD	
	1615.9	150.0	150.1	201.0	200.1	150.0	35.9	26.5	27.0	976187.8	20.010	1617.544	12	Al2O3 - STANDARD	
	1619.9	150.0	150.1	200.9	200.0	150.1	35.9	26.5	27.0	976190.8	19.995	1620.543	12	Al2O3 - STANDARD	
	1621.9	150.0	150.1	200.8	200.0	150.0	35.9	26.5	27.0	976193.8	20.007	1623.543	12	Al2O3 - STANDARD	
	1625.9	150.1	150.0	200.7	200.1	150.0	35.8	26.5	27.0	976196.8	20.007	1626.543	12	Al2O3 - STANDARD	
	1627.9	150.0	150.0	200.5	200.0	150.0	35.9	26.5	27.0	976199.8	20.016	1629.545	12	Al2O3 - STANDARD	
	1631.9	150.0	150.1	200.4	200.1	150.0	35.8	26.5	27.0	976202.8	20.001	1632.543	11	Al2O3 - STANDARD	
	1633.9	150.0	150.0	200.2	200.0	150.0	35.8	26.5	27.0	976205.8	19.995	1635.542	11	Al2O3 - STANDARD	
	1637.9	150.0	150.0	199.9	200.0	150.1	35.8	26.5	27.0	976208.8	20.010	1638.543	11	Al2O3 - STANDARD	
	1639.9	150.0	150.1	199.9	200.0	150.1	35.8	26.5	27.0	976211.8	20.016	1641.542	11	Al2O3 - STANDARD	
	1643.9	150.0	150.0	200.0	200.1	150.0	35.8	26.5	27.0	976214.8	20.004	1644.542	11	Al2O3 - STANDARD	
	1645.9	150.0	150.1	200.0	200.1	150.1	35.8	26.5	27.0	976217.8	20.004	1647.542	11	Al2O3 - STANDARD	
	1649.9	150.0	150.1	200.2	200.1	150.0	35.7	26.5	27.0	976220.8	20.004	1650.541	11	Al2O3 - STANDARD	
	1651.9	150.0	150.1	200.3	200.1	150.1	35.8	26.5	27.0	976223.8	20.001	1653.542	11	Al2O3 - STANDARD	
	1655.9	150.0	150.0	200.3	200.0	150.0	35.7	26.5	27.0	976226.8	20.001	1656.542	11	Al2O3 - STANDARD	
	1657.9	150.0	150.0	200.3	200.1	150.0	35.7	26.5	27.0	976229.8	20.004	1659.543	11	Al2O3 - STANDARD	
	1661.9	150.0	150.0	200.1	200.1	150.0	35.7	26.6	27.0	976232.8	20.001	1662.545	11	Al2O3 - STANDARD	
	1663.9	150.0	150.0	200.0	200.0	150.0	35.7	26.5	27.0	976235.8	20.001	1665.543	11	Al2O3 - STANDARD	
	1667.9	150.0	150.0	199.9	200.1	150.0	35.7	26.5	27.0	976238.8	19.998	1668.544	11	Al2O3 - STANDARD	
	1669.9	150.0	150.0	199.9	200.0	150.1	35.7	26.5	27.0	976241.8	19.998	1671.542	11	Al2O3 - STANDARD	
	1673.9	150.0	150.1	199.9	200.1	150.0	35.6	26.5	27.0	976244.8	20.007	1674.543	11	Al2O3 - STANDARD	
	1675.9	150.0	150.1	200.0	200.0	150.0	35.7	26.5	27.0	976247.8	20.007	1677.542	11	Al2O3 - STANDARD	
	1679.9	150.0	150.1	200.1	200.1	150.0	35.6	26.6	27.0	976250.8	19.995	1680.542	11	Al2O3 - STANDARD	
	1681.9	150.0	150.1	200.3	200.0	150.1	35.6	26.5	27.0	976253.8	19.962	1683.541	10	Al2O3 - STANDARD	
	1685.9	150.0	150.0	200.1	200.0	150.0	35.6	26.5	27.0	976256.8	20.001	1686.544	10	Al2O3 - STANDARD	
	1687.9	150.0	150.0	200.1	200.1	150.1	35.6	26.5	27.0	976259.8	20.007	1689.543	10	Al2O3 - STANDARD	
	1691.9	150.0	150.0	200.1	200.1	150.0	35.6	26.5	27.0	976262.8	20.007	1692.543	10	Al2O3 - STANDARD	
	1693.9	150.1	150.1	200.1	200.1	150.0	35.5	26.5	27.0	976265.8	20.004	1695.543	10	Al2O3 - STANDARD	
	1697.9	150.1	150.0	200.2	200.1	150.1	35.5	26.5	27.0	976268.8	20.004	1698.543	10	Al2O3 - STANDARD	
	1699.9	150.0	150.0	200.3	200.1	150.1	35.5	26.5	27.0	976271.8	19.965	1701.542	10	Al2O3 - STANDARD	
	1703.9	150.0	150.1	200.3	200.2	150.0	35.5	26.6	27.0	976274.8	20.004	1704.545	10	Al2O3 - STANDARD	
	1705.9	150.0	150.1	200.3	200.1	150.1	35.5	26.5	27.0	976277.8	20.010	1707.542	10	Al2O3 - STANDARD	
	1709.9	150.0	150.0	200.2	200.1	150.0	35.5	26.5	27.0	976280.8	20.001	1710.543	10	Al2O3 - STANDARD	
	1711.9	150.0	150.0	200.2	200.0	150.1	35.5	26.6	27.0	976283.8	19.977	1713.542	10	Al2O3 - STANDARD	
	1715.9	150.0	150.0	200.1	200.0	150.0	35.5	26.5	27.0	976286.8	20.004	1716.543	10	Al2O3 - STANDARD	
	1717.9	150.0	150.0	200.0	200.0	150.0	35.5	26.6	27.0	976289.8	19.995	1719.541	10	Al2O3 - STANDARD	
	1721.9	150.0	150.0	199.8	200.0	150.1	35.5	26.5	27.0	976292.8	20.001	1722.543	10	Al2O3 - STANDARD	
	1723.9	150.0	150.1	199.9	200.0	150.1	35.5	26.6	27.0	976295.8	20.041	1725.544	10	Al2O3 - STANDARD	
	1727.9	150.0	150.0	200.0	200.0	150.1	35.4	26.6	27.0	976298.8	20.010	1728.542	10	Al2O3 - STANDARD	
	1729.9	150.0	150.0	200.0	200.0	150.0	35.4	26.6	27.1	976301.8	20.001	1731.544	10	Al2O3 - STANDARD	
	1733.9	150.0	150.0	200.5	200.0	150.1	35.4	26.6	27.0	976304.8	19.995	1734.542	9	Al2O3 - STANDARD	
	1735.9	150.0	150.1	200.5	200.0	150.0	35.4	26.6	27.0	976307.8	20.001	1737.545	9	Al2O3 - STANDARD	
	1739.9	150.0	150.1	200.6	200.0	150.1	35.4	26.5	27.0	976310.8	20.007	1740.544	9	Al2O3 - STANDARD	
	1741.9	150.0	150.0	200.6	199.9	150.1	35.4	26.6	27.0	976313.8	20.001	1743.545	9	Al2O3 - STANDARD	
	1745.9	150.0	150.0	200.7	200.1	150.1	35.3	26.6	27.0	976316.8	20.007	1746.543	9	Al2O3 - STANDARD	
	1747.9	150.0	150.0	200.7	199.9	150.1	35.4	26.6	27.0	976319.8	19.998	1749.542	9	Al2O3 - STANDARD	
	1751.9	150.0	150.0	200.8	200.0	150.0	35.3	26.6	27.0	976322.8	20.010	1752.542	9	Al2O3 - STANDARD	
	1753.9	150.0	150.1	200.8	200.0	150.1	35.3	26.6	27.1	976325.8	19.998	1755.544	9	Al2O3 - STANDARD	
	1757.9	150.0	150.1	200.8	200.0	150.1	35.3	26.5	27.0	976328.8	20.007	1758.542	9	Al2O3 - STANDARD	
	1759.9	150.0	150.0	200.7	200.0	150.1	35.3	26.6	27.1	976331.8	19.995	1761.545	9	Al2O3 - STANDARD	
	1763.9	150.0	150.0	200.8	200.0	150.0	35.3	26.6	27.1	976334.8	19.968	1764.541	9	Al2O3 - STANDARD	
	1765.9	150.0	150.1	200.7	200.0	150.0	35.3	26.6	27.1	976337.8	20.007	1767.542	9	Al2O3 - STANDARD	
	1769.9	150.0	150.1	200.7	200.0	150.0	35.3	26.6	27.1	976340.8	20.010	1770.543	9	Al2O3 - STANDARD	
	1771.9	150.0	150.0	200.6	200.0	150.0	35.2	26.6	27.1	976343.8	19.995	1773.542	9	Al2O3 - STANDARD	
	1775.9	150.0	150.0	200.6	200.0	150.0	35.2	26.6	27.1	976346.8	20.010	1776.543	9	Al2O3 - STANDARD	
	1777.9	149.9	150.0	200.6	200.0	150.1	35.2	26.6	27.1	976349.8	19.962	1779.543	9	Al2O3 - STANDARD	
	1781.9	150.0	150.0	200.7	200.0	150.0	35.2	26.6	27.1	976352.8	20.001	1782.543	9	Al2O3 - STANDARD	
	1783.9	150.0	150.1	200.7	200.0	150.0	35.2	26.6	27.1	976355.8	20.004	1785.541	8	Al2O3 - STANDARD	
	1787.9	150.0	150.1	200.6	200.0	150.0	35.2	26.6	27.0	976358.8	20.001	1788.544	8	Al2O3 - STANDARD	
	1789.9	150.0	150.0	200.6	200.0	150.0	35.2	26.6	27.1	976361.8	20.001	1791.543	8	Al2O3 - STANDARD	
	1793.9	150.0	150.0	200.4	200.0	150.1	35.2	26.6	27.1	976364.8	20.007	1794.543	8	Al2O3 - STANDARD	
	1795.9	150.1	150.0	200.3	200.0	150.1	35.2	26.6	27.1	976367.8	19.959	1797.544	8	Al2O3 - STANDARD	
	1799.9	150.0	150.0	200.2	200.0	150.0	35.2	26.6	27.1	976370.8	20.001	1800.541	8	Al2O3 - STANDARD	
	1801.9	150.0	150.1	200.2	200.0	150.0	35.1	26.6	27.1	976373.8	20.004	1803.543	8	Al2O3 - STANDARD	
	1805.9	150.0	150.0	199.8	199.9	150.0	35.1	26.6	27.1	976376.8	20.010	1806.543	8	Al2O3 - STANDARD	
	1807.9	150.1	150.1	199.8	199.9	150.0	35.1	26.6	27.1	976379.8	20.004	1809.542	8	Al2O3 - STANDARD	
	1811.9	150.0	150.0	199.6	200.0	150.0	35.1	26.6	27.1	976382.8	19.995	1812.544	8	Al2O3 - STANDARD	
	1813.9	150.0	150.0	199.6	199.9	150.0	35.1	26.6	27.1	976385.8	20.001	1815.543	8	Al2O3 - STANDARD	
	1817.9	150.0	150.0	199.7	199.9	150.0	35.1	26.6	27.1	976388.8	20.004	1818.543	8	Al2O3 - STANDARD	
	1819.9	150.0	150.1	199.8	199.9	150.0	35.1	26.6	27.1	976391.8	20.001	1821.542	8	Al2O3 - STANDARD	
	1823.9	150.0	150.1	199.9	199.9	150.1	35.1	26.6	27.1	976394.8	20.016	1824.542	8	Al2O3 - STANDARD	
	1825.9	150.0	150.1	199.8	199.9	150.0	35.0	26.6	27.1	976397.8	20.001	1827.542	8	Al2O3 - STANDARD	
	1829.9	150.0	150.1	199.5	199.9	150.0	35.0	26.6	27.1	976400.8	19.998	1830.544	8	Al2O3 - STANDARD	
	1831.9	150.0	150.0	199.3	199.9	150.0	35.0	26.6	27.1	976403.8	20.004	1833.543	8	Al2O3 - STANDARD	
	1835.9	150.0	150.1	199.2	199.9	150.0	35.0	26.6	27.1	976406.8	20.004	1836.542	7	Al2O3 - STANDARD	
	1837.9	150.0	150.0	199.2	199.9	150.1	35.0	26.6	27.1	976409.8	20.004	1839.542	7	Al2O3 - STANDARD	
	1841.9	150.0	150.0	199.3	199.9	150.1	35.0	26.6	27.1	976412.8	20.020	1842.543	7	Al2O3 - STANDARD	
	1843.9	150.0	150.0	199.4	199.9	150.0	35.0	26.6	27.1	976415.8	20.007	1845.544	7	Al2O3 - STANDARD	
	1847.9	150.0	150.1	199.4	199.9	150.0	35.0	26.6	27.1	976418.8	20.004	1848.543	7	Al2O3 - STANDARD	
	1849.9	150.0	150.0	199.4	200.0	150.1	35.0	26.6	27.1	976421.8	20.013	1851.543	7	Al2O3 - STANDARD	
	1853.9	150.0	150.0	199.2	199.9	150.0	34.9	26.6	27.1	976424.8	19.992	1854.542	7	Al2O3 - STANDARD	
	1855.9	150.0	150.1	199.1	199.9	150.0	34.9	26.6	27.1	976427.8	19.998	1857.542	7	Al2O3 - STANDARD	
	1859.9	150.0	150.0	199.1	199.9	150.0	34.9	26.6	27.1	976430.8	20.001	1860.543	7	Al2O3 - STANDARD	
	1861.9	150.0	150.0	199.0	199.9	150.0	34.9	26.6	27.1	976433.8	20.004	1863.544	7	Al2O3 - STANDARD	
	1865.9	150.0	150.0	199.0	199.9	150.0	34.9	26.6	27.1	976436.8	19.998	1866.543	7	Al2O3 - STANDARD	
	1867.9	150.0	150.0	199.0	199.9	150.0	34.9	26.6	27.1	976439.8	20.010	1869.542	7	Al2O3 - STANDARD	
	1871.9	150.0	150.0	199.1	199.9	150.0	34.9	26.6	27.1	976442.8	20.007	1872.542	7	Al2O3 - STANDARD	
	1873.9	150.0	150.0	199.1	199.8	150.0	34.9	26.6	27.1	976445.8	20.004	1875.544	7	Al2O3 - STANDARD	
	1877.9	150.0	150.1	199.2	200.0	150.1	34.9	26.6	27.1	976448.8	20.004	1878.544	7	Al2O3 - STANDARD	
	1879.9	150.1	150.0	199.4	200.0	150.0	34.8	26.6	27.1	976451.8	20.001	1881.541	7	Al2O3 - STANDARD	
	1883.9	150.0	150.0	199.5	200.0	150.1	34.8	26.7	27.1	976454.8	20.001	1884.543	6	Al2O3 - STANDARD	
	1885.9	150.0	150.0	199.6	200.0	150.1	34.8	26.6	27.1	976457.8	20.004	1887.544	6	Al2O3 - STANDARD	
	1889.9	150.0	150.1	199.6	200.0	150.1	34.8	26.6	27.1	976460.8	20.016	1890.543	6	Al2O3 - STANDARD	
	1891.9	150.0	150.0	199.6	200.0	150.0	34.8	26.6	27.1	976463.8	20.044	1893.544	6	Al2O3 - STANDARD	
	1895.9	150.0	150.0	199.5	200.0	150.1	34.8	26.6	27.1	976466.8	20.010	1896.543	6	Al2O3 - STANDARD	
	1897.9	150.1	150.0	199.6	200.0	150.0	34.8	26.6	27.1	976469.8	20.004	1899.542	6	Al2O3 - STANDARD	
	1901.9	150.0	150.0	199.6	200.0	150.0	34.8	26.6	27.1	976472.8	19.998	1902.543	6	Al2O3 - STANDARD	
	1903.9	150.0	150.0	199.5	200.0	150.0	34.8	26.6	27.1	976475.8	19.974	1905.545	6	Al2O3 - STANDARD	
	1907.9	150.1	150.0	199.5	200.0	150.1	34.8	26.6	27.1	976478.8	19.965	1908.544	6	Al2O3 - STANDARD	
	1909.9	150.0	150.0	199.4	200.0	150.1	34.7	26.6	27.2	976481.8	20.001	1911.543	6	Al2O3 - STANDARD	
	1913.9	150.0	150.0	199.3	199.9	150.0	34.7	26.6	27.1	976484.8	20.001	1914.543	6	Al2O3 - STANDARD	
	1915.9	150.0	150.0	199.4	200.0	150.0	34.7	26.6	27.1	976487.8	20.007	1917.542	6	Al2O3 - STANDARD	
	1919.9	150.0	150.0	199.3	200.0	150.0	34.7	26.6	27.1	976490.8	19.998	1920.544	6	Al2O3 - STANDARD	
	1921.9	150.0	150.0	199.4	200.0	150.0	34.7	26.6	27.1	976493.8	19.998	1923.543	6	Al2O3 - STANDARD	
	1925.9	150.0	150.0	199.4	200.0	150.0	34.7	26.6	27.1	976496.8	20.047	1926.542	6	Al2O3 - STANDARD	
	1927.9	150.0	150.0	199.4	200.0	150.1	34.7	26.6	27.1	976499.8	20.001	1929.544	6	Al2O3 - STANDARD	
	1931.9	150.0	150.0	199.2	199.9	150.0	34.6	26.7	27.1	976502.8	20.013	1932.542	6	Al2O3 - STANDARD	
	1933.9	150.0	150.0	199.1	200.0	150.0	34.6	26.6	27.1	976505.8	19.995	1935.541	5	Al2O3 - STANDARD	
	1937.9	150.0	150.0	198.7	199.9	150.1	34.6	26.6	27.1	976508.8	20.007	1938.543	5	Al2O3 - STANDARD	
	1939.9	150.0	150.0	198.6	199.9	150.0	34.6	26.7	27.1	976511.8	20.007	1941.541	5	Al2O3 - STANDARD	
	1943.9	150.0	150.0	198.5	199.9	150.0	34.6	26.6	27.1	976514.8	20.010	1944.542	5	Al2O3 - STANDARD	
	1945.9	150.1	150.0	198.4	199.9	150.0	34.6	26.6	27.1	976517.8	20.013	1947.544	5	Al2O3 - STANDARD	
	1949.9	150.0	150.0	198.3	200.0	150.0	34.6	26.7	27.1	976520.8	20.001	1950.542	5	Al2O3 - STANDARD	
	1951.9	150.0	150.0	198.4	199.9	150.0	34.6	26.7	27.1	976523.8	20.007	1953.544	5	Al2O3 - STANDARD	
	1955.9	150.0	150.0	198.8	199.9	150.0	34.6	26.7	27.2	976526.8	20.010	1956.543	5	Al2O3 - STANDARD	
	1957.9	150.0	150.0	198.9	199.9	150.0	34.6	26.7	27.2	976529.8	20.004	1959.542	5	Al2O3 - STANDARD	
	1961.9	150.0	150.1	199.3	200.0	150.0	34.5	26.7	27.1	976532.8	20.004	1962.543	5	Al2O3 - STANDARD	
	1963.9	150.1	150.0	199.4	200.0	150.0	34.5	26.6	27.2	976535.8	20.004	1965.543	5	Al2O3 - STANDARD	
	1967.9	150.0	150.0	199.5	200.0	150.0	34.5	26.7	27.1	976538.8	19.995	1968.544	5	Al2O3 - STANDARD	
	1969.9	150.0	150.0	199.6	199.9	150.0	34.5	26.7	27.2	976541.8	20.007	1971.545	5	Al2O3 - STANDARD	
	1973.9	150.0	150.0	199.7	200.0	150.0	34.5	26.7	27.2	976544.8	20.007	1974.542	5	Al2O3 - STANDARD	
	1975.9	150.0	150.0	199.7	199.9	150.0	34.5	26.6	27.1	976547.8	20.004	1977.544	5	Al2O3 - STANDARD	
	1979.9	150.0	150.0	199.6	200.0	150.0	34.5	26.7	27.2	976550.8	20.001	1980.544	5	Al2O3 - STANDARD	
	1981.9	150.1	150.0	199.6	200.0	150.0	34.5	26.7	27.2	976553.8	20.001	1983.543	5	Al2O3 - STANDARD	
	1985.9	150.0	150.0	199.6	200.0	150.0	34.5	26.7	27.2	976556.8	20.001	1986.542	4	Al2O3 - STANDARD	
	1987.9	150.0	150.0	199.7	200.0	150.0	34.5	26.6	27.1	976559.8	19.968	1989.542	4	Al2O3 - STANDARD	
	1991.9	150.1	150.0	199.8	200.0	150.0	34.4	26.7	27.2	976562.8	19.998	1992.544	4	Al2O3 - STANDARD	
	1993.9	150.0	150.0	199.9	200.0	150.0	34.4	26.7	27.2	976565.8	20.004	1995.542	4	Al2O3 - STANDARD	
	1997.9	150.0	150.0	200.1	200.0	150.0	34.4	26.7	27.1	976568.8	20.007	1998.544	4	Al2O3 - STANDARD	
	1999.9	150.0	150.0	200.1	200.0	150.0	34.4	26.7	27.2	976571.8	20.004	2001.542	4	Al2O3 - STANDARD	
	2003.9	150.0	150.0	200.0	200.0	150.0	34.4	26.7	27.1	976574.8	19.998	2004.543	4	Al2O3 - STANDARD	
	2005.9	150.0	150.0	200.0	200.0	150.0	34.4	26.7	27.2	976577.8	20.004	2007.542	4	Al2O3 - STANDARD	
	2009.9	150.1	150.0	199.9	200.0	150.0	34.4	26.7	27.2	976580.8	19.974	2010.544	4	Al2O3 - STANDARD	
	2011.9	150.0	150.0	199.8	199.9	150.0	34.4	26.7	27.2	976583.8	19.998	2013.544	4	Al2O3 - STANDARD	
	2015.9	150.0	150.0	199.7	200.0	150.0	34.4	26.7	27.2	976586.8	20.004	2016.544	4	Al2O3 - STANDARD	
	2017.9	150.0	150.0	199.6	200.0	150.0	34.4	26.7	27.2	976589.8	20.001	2019.544	4	Al2O3 - STANDARD	
	2021.9	150.0	150.0	199.2	200.0	150.1	34.3	26.7	27.2	976592.8	20.001	2022.543	4	Al2O3 - STANDARD	
	2023.9	150.0	150.0	199.1	200.1	150.0	34.3	26.7	27.2	976595.8	20.004	2025.543	4	Al2O3 - STANDARD	
	2027.9	150.0	150.0	198.8	200.1	150.1	34.3	26.7	27.2	976598.8	20.001	2028.544	4	Al2O3 - STANDARD	
	2029.9	150.0	150.0	198.6	200.0	150.0	34.3	26.7	27.2	976601.8	19.998	2031.544	4	Al2O3 - STANDARD	
	2033.9	150.0	150.0	198.3	200.1	150.0	34.3	26.7	27.2	976604.8	20.001	2034.543	4	Al2O3 - STANDARD	
	2035.9	150.0	150.0	198.3	200.0	150.0	34.3	26.7	27.2	976607.8	20.007	2037.543	3	Al2O3 - STANDARD	
	2039.9	150.0	150.0	198.5	200.1	150.0	34.3	26.7	27.2	976610.8	20.010	2040.545	3	Al2O3 - STANDARD	
	2041.9	150.0	150.0	198.7	200.0	150.0	34.3	26.7	27.2	976613.8	20.001	2043.543	3	Al2O3 - STANDARD	
	2045.9	150.0	150.0	199.1	200.1	150.0	34.3	26.7	27.2	976616.8	20.004	2046.544	3	Al2O3 - STANDARD	
	2047.9	150.1	150.0	199.3	200.1	150.0	34.3	26.7	27.2	976619.8	20.004	2049.542	3	Al2O3 - STANDARD	
	2051.9	150.0	150.0	199.6	200.1	150.0	34.2	26.7	27.2	976622.8	19.998	2052.542	3	Al2O3 - STANDARD	
	2053.9	150.0	150.0	199.5	200.1	150.0	34.2	26.7	27.2	976625.8	19.998	2055.543	3	Al2O3 - STANDARD	
	2057.9	150.0	150.0	199.5	200.1	150.0	34.3	26.7	27.2	976628.8	20.029	2058.543	3	Al2O3 - STANDARD	
	2059.9	150.0	150.0	199.4	200.1	150.0	34.2	26.7	27.2	976631.8	20.007	2061.542	3	Al2O3 - STANDARD	
	2063.9	149.9	150.0	199.5	200.0	150.0	34.2	26.7	27.2	976634.8	20.007	2064.542	3	Al2O3 - STANDARD	
	2065.9	150.0	150.0	199.6	200.1	150.0	34.2	26.7	27.2	976637.8	20.047	2067.542	3	Al2O3 - STANDARD	
	2069.9	150.0	150.0	199.8	200.1	150.0	34.2	26.7	27.2	976640.8	20.004	2070.543	3	Al2O3 - STANDARD	
	2071.9	150.0	150.0	199.9	200.1	150.0	34.2	26.7	27.2	976643.8	20.013	2073.541	3	Al2O3 - STANDARD	
	2075.9	150.0	150.0	199.9	200.0	150.0	34.2	26.7	27.2	976646.8	20.001	2076.543	3	Al2O3 - STANDARD	
	2077.9	150.0	150.0	200.0	200.0	150.0	34.1	26.7	27.2	976649.8	19.980	2079.544	3	Al2O3 - STANDARD	
	2081.9	150.0	150.0	200.1	200.0	150.0	34.1	26.7	27.2	976652.8	20.004	2082.543	3	Al2O3 - STANDARD	
	2083.9	150.0	150.0	200.2	200.1	150.0	34.1	26.7	27.2	976655.8	20.010	2085.541	3	Al2O3 - STANDARD	
	2087.9	150.0	150.0	200.4	200.0	150.0	34.1	26.7	27.2	976658.8	20.001	2088.541	2	Al2O3 - STANDARD	
	2089.9	150.0	150.0	200.4	200.1	150.0	34.1	26.7	27.2	976661.8	20.010	2091.544	2	Al2O3 - STANDARD	
	2093.9	150.0	150.0	200.3	200.0	150.0	34.1	26.7	27.2	976664.8	20.007	2094.543	2	Al2O3 - STANDARD	
	2095.9	150.0	150.0	200.2	200.0	150.0	34.1	26.7	27.2	976667.8	20.004	2097.541	2	Al2O3 - STANDARD	
	2099.9	150.0	150.0	200.0	199.9	150.0	34.1	26.7	27.2	976670.8	20.001	2100.544	2	Al2O3 - STANDARD	
	2101.9	150.0	150.0	200.0	200.0	149.9	34.1	26.7	27.2	976673.8	20.010	2103.543	2	Al2O3 - STANDARD	
	2105.9	150.0	150.0	200.0	200.0	150.0	34.1	26.7	27.2	976676.8	20.007	2106.542	2	Al2O3 - STANDARD	
	2107.9	150.0	150.0	200.1	200.0	150.0	34.0	26.7	27.2	976679.8	20.004	2109.542	2	Al2O3 - STANDARD	
	2111.9	150.0	150.0	200.3	199.9	150.0	34.0	26.7	27.2	976682.8	20.004	2112.544	2	Al2O3 - STANDARD	
	2113.9	150.0	150.0	200.4	199.9	150.0	34.0	26.7	27.2	976685.8	20.004	2115.542	2	Al2O3 - STANDARD	
	2117.9	150.0	150.0	200.5	199.9	150.0	34.0	26.7	27.2	976688.8	19.998	2118.542	2	Al2O3 - STANDARD	
	2119.9	150.0	150.0	200.6	200.0	150.0	34.0	26.7	27.2	976691.8	19.995	2121.543	2	Al2O3 - STANDARD	
	2123.9	150.0	150.0	200.8	200.0	150.0	34.0	26.7	27.2	976694.8	20.004	2124.542	2	Al2O3 - STANDARD	
	2125.9	150.0	150.0	200.9	199.9	150.0	34.0	26.7	27.2	976697.8	20.001	2127.542	2	Al2O3 - STANDARD	
	2129.9	150.0	150.0	201.0	199.9	150.0	34.0	26.7	27.2	976700.8	20.007	2130.543	2	Al2O3 - STANDARD	
	2131.9	150.0	150.0	201.1	200.0	150.0	34.0	26.7	27.2	976703.8	20.013	2133.543	2	Al2O3 - STANDARD	
	2135.9	150.0	150.0	201.1	200.1	150.0	33.9	26.7	27.2	976706.8	20.001	2136.543	2	Al2O3 - STANDARD	
	2137.9	150.0	150.0	201.1	199.9	150.0	34.0	26.7	27.2	976709.8	20.010	2139.542	1	Al2O3 - STANDARD	
	2141.9	150.0	150.0	200.9	200.0	150.0	34.0	26.7	27.2	976712.8	19.998	2142.543	1	Al2O3 - STANDARD	
	2143.9	150.0	150.0	200.9	200.0	150.0	33.9	26.7	27.2	976715.8	20.007	2145.543	1	Al2O3 - STANDARD	
	2147.9	150.0	150.0	200.9	200.0	150.0	33.9	26.7	27.2	976718.8	20.001	2148.543	1	Al2O3 - STANDARD	
	2149.9	150.1	150.0	201.0	200.0	150.0	33.9	26.7	27.2	976721.8	20.001	2151.543	1	Al2O3 - STANDARD	
	2153.9	150.0	150.0	201.3	200.0	150.0	33.9	26.7	27.2	976724.8	20.001	2154.543	1	Al2O3 - STANDARD	
	2155.9	150.0	150.0	201.5	200.0	150.0	33.9	26.7	27.2	976727.8	19.995	2157.543	1	Al2O3 - STANDARD	
	2159.9	150.0	150.0	201.5	200.0	150.1	33.9	26.8	27.2	976730.8	20.004	2160.542	1	Al2O3 - STANDARD	
	2161.9	150.1	150.0	201.5	200.0	150.0	33.9	26.8	27.3	976733.8	19.986	2163.543	1	Al2O3 - STANDARD	
	2165.9	150.0	150.0	201.5	200.0	150.0	33.9	26.8	27.2	976736.8	20.010	2166.544	1	Al2O3 - STANDARD	
	2167.9	150.0	150.0	201.5	200.0	150.0	33.9	26.7	27.2	976739.8	20.004	2169.542	1	Al2O3 - STANDARD	
	2171.9	150.0	150.0	201.6	200.0	150.0	33.9	26.7	27.3	976742.8	20.010	2172.543	1	Al2O3 - STANDARD	
	2173.9	150.0	150.0	201.6	200.0	150.0	33.8	26.8	27.3	976745.8	20.013	2175.544	1	Al2O3 - STANDARD	
	2177.9	150.0	150.0	201.7	200.0	150.0	33.8	26.8	27.3	976748.8	20.004	2178.544	1	Al2O3 - STANDARD	
	2179.9	150.0	150.0	201.7	200.1	150.0	33.8	26.7	27.2	976751.8	20.016	2181.543	1	Al2O3 - STANDARD	
	2183.9	150.0	150.0	201.7	200.0	150.1	33.8	26.7	27.2	976754.8	20.001	2184.544	1	Al2O3 - STANDARD	
